	A1	A2	A3	A4	A5	A6	A7	A8	A9	A10	A11	A12	B1	B2	B3	B4	B5	B6	B7	B8	B9	B10	B11	B12	C1	C2	C3	C4	C5	C6	C7	C8	C9	C10	C11	C12	D1	D2	D3	D4	D5	D6	D7	D8	D9	D10	D11	D12	E1	E2	E3	E4	E5	E6	E7	E8	E9	E10	E11	E12	F1	F2	F3	F4	F5	F6	F7	F8	F9	F10	F11	F12	G1	G2	G3	G4	G5	G6	G7	G8	G9	G10	G11	G12	H1	H2	H3	H4	H5	H6	H7	H8	H9	H10	H11	H12	date_time	original_file	exp_time	time[h]	time[mins]
0	0.0	0.0	0.0	0.0	0.0	0.0	0.0	0.0	0.0	0.0	0.0	0.0	0.0	0.0	0.0	0.0	0.0	0.0	0.0	0.0	0.0	0.0	0.0	0.0	0.0	0.0	0.0	0.0	0.0	0.0	0.0	0.0	0.0	0.0	0.0	0.0	0.0	0.0	0.0	0.0	0.0	0.0	0.0	0.0	0.0	0.0	0.0	0.0	0.0	0.0	0.0	0.0	0.0	0.0	0.0	0.0	0.0	0.0	0.0	0.0	0.0	0.0	0.0	0.0	0.0	0.0	0.0	0.0	0.0	0.0	0.0	0.0	0.0	0.0	0.0	0.0	0.0	0.0	0.0	0.0	0.0	0.0	0.0	0.0	0.0	0.0	0.0	0.0	0.0	0.0	0.0	0.0	0.0	0.0	0.0	0.0	2021-08-12 12:49:37	c_target_real_plate3_initial_12-08-2021 00-00-00_11643_11643.csv	0 days 00:00:00	0.0	0.0
1	0.025	0.025	0.025	0.025	0.025	0.025	0.025	0.025	0.025	0.025	0.025	0.025	0.025	0.025	0.025	0.025	0.025	0.025	0.025	0.025	0.0	0.025	0.025	0.025	0.025	0.0	0.025	0.025	0.025	0.025	0.025	0.025	0.025	0.025	0.025	0.025	0.025	0.025	0.025	0.0	0.025	0.025	0.0	0.025	0.025	0.025	0.025	0.025	0.025	0.025	0.025	0.025	0.025	0.025	0.025	0.025	0.025	0.025	0.025	0.025	0.025	0.025	0.025	0.025	0.025	0.025	0.025	0.025	0.025	0.025	0.025	0.025	0.025	0.025	0.025	0.025	0.025	0.025	0.025	0.0	0.025	0.025	0.025	0.025	0.025	0.025	0.025	0.025	0.025	0.025	0.025	0.025	0.025	0.025	0.0	0.025	2021-08-12 19:27:55	c_target_real_12-08-2021 19-27-55_11643_11666.csv	0 days 06:38:18	6.638333333333334	398.3
2	0.125	0.066	0.037	0.125	0.044	0.038	0.048	0.107	0.038	0.125	0.125	0.125	0.125	0.038	0.125	0.125	0.077	0.109	0.038	0.125	0.0	0.125	0.037	0.079	0.125	0.0	0.125	0.038	0.038	0.125	0.038	0.082	0.052	0.113	0.066	0.044	0.125	0.125	0.059	0.0	0.047	0.044	0.0	0.097	0.125	0.112	0.125	0.125	0.119	0.044	0.041	0.125	0.038	0.125	0.125	0.045	0.039	0.038	0.038	0.125	0.125	0.125	0.125	0.125	0.108	0.125	0.038	0.038	0.077	0.038	0.038	0.049	0.079	0.125	0.125	0.038	0.052	0.122	0.121	0.0	0.125	0.125	0.125	0.038	0.056	0.125	0.038	0.038	0.031	0.125	0.038	0.098	0.038	0.125	0.0	0.125	2021-08-12 23:44:45	c_target_real_12-08-2021 23-44-45_11643_11684.csv	0 days 10:55:08	10.918888888888889	655.1333333333333
3	0.326	0.125	0.15	0.209	0.064	0.19	0.24	0.3	0.054	0.177	0.196	0.251	0.112	0.19	0.135	0.249	0.085	0.187	0.099	0.24	0.0	0.369	0.06	0.135	0.377	0.0	0.232	0.152	0.102	0.135	0.123	0.138	0.101	0.199	0.098	0.067	0.625	0.198	0.09	0.0	0.058	0.08	0.0	0.167	0.176	0.236	0.422	0.625	0.486	0.05	0.037	0.116	0.19	0.262	0.261	0.049	0.058	0.081	0.129	0.452	0.353	0.435	0.453	0.414	0.19	0.321	0.158	0.057	0.081	0.19	0.159	0.093	0.186	0.305	0.332	0.096	0.126	0.61	0.605	0.0	0.395	0.517	0.625	0.19	0.11	0.503	0.19	0.19	0.013	0.27	0.057	0.219	0.134	0.366	0.0	0.625	2021-08-13 04:00:19	c_target_real_13-08-2021 04-00-19_11643_11702.csv	0 days 15:10:42	15.178333333333333	910.7
4	0.355	0.11	0.481	0.196	0.178	0.465	0.403	0.246	0.232	0.196	0.201	0.263	0.078	0.341	0.129	0.357	0.137	0.158	0.15	0.28	0.0	0.322	0.088	0.159	0.424	0.0	0.245	0.375	0.17	0.188	0.422	0.249	0.188	0.201	0.223	0.106	0.472	0.222	0.306	0.0	0.16	0.202	0.0	0.171	0.082	0.236	0.303	0.495	0.414	0.074	0.042	0.05	0.455	0.232	0.266	0.05	0.082	0.269	0.193	0.141	0.279	0.291	0.356	0.324	0.221	0.315	0.227	0.192	0.024	0.414	0.534	0.176	0.263	0.247	0.197	0.139	0.227	0.889	0.495	0.0	0.371	0.326	0.527	0.476	0.239	0.37	0.656	0.417	0.009	0.281	0.285	0.137	0.288	0.214	0.0	0.349	2021-08-13 08:15:57	c_target_real_13-08-2021 08-15-57_11643_11720.csv	0 days 19:26:20	19.43888888888889	1166.3333333333333
5	0.157	0.042	0.433	0.12	0.179	0.171	0.16	0.088	0.313	0.18	0.166	0.236	0.055	0.186	0.067	0.312	0.066	0.153	0.077	0.206	0.0	0.166	0.064	0.103	0.277	0.0	0.142	0.248	0.18	0.133	0.299	0.211	0.159	0.161	0.154	0.204	0.278	0.187	0.324	0.0	0.175	0.286	0.0	0.146	0.034	0.174	0.147	0.247	0.163	0.057	0.052	0.024	0.281	0.136	0.16	0.032	0.112	0.371	0.215	0.056	0.158	0.117	0.105	0.128	0.198	0.169	0.175	0.226	0.021	0.252	0.295	0.226	0.244	0.136	0.123	0.145	0.307	0.444	0.291	0.0	0.211	0.105	0.351	0.252	0.276	0.168	0.329	0.213	0.025	0.207	0.462	0.053	0.209	0.091	0.0	0.129	2021-08-13 12:31:32	c_target_real_13-08-2021 12-31-32_11643_11738.csv	0 days 23:41:55	23.698611111111113	1421.9166666666667
6	0.093	0.061	0.149	0.074	0.125	0.073	0.072	0.055	0.204	0.154	0.154	0.239	0.038	0.082	0.075	0.187	0.048	0.151	0.044	0.113	0.0	0.084	0.018	0.088	0.138	0.0	0.076	0.094	0.156	0.093	0.1	0.163	0.12	0.089	0.108	0.113	0.107	0.137	0.142	0.0	0.13	0.243	0.0	0.129	0.029	0.114	0.141	0.099	0.128	0.045	0.047	0.018	0.105	0.11	0.113	0.037	0.157	0.252	0.208	0.053	0.093	0.095	0.068	0.098	0.159	0.134	0.142	0.23	0.04	0.117	0.109	0.175	0.139	0.105	0.035	0.13	0.34	0.171	0.145	0.0	0.15	0.101	0.16	0.094	0.092	0.147	0.15	0.109	0.018	0.172	0.245	0.026	0.141	0.061	0.0	0.075	2021-08-13 16:43:59	c_target_real_13-08-2021 16-43-59_11643_11758.csv	1 days 03:54:22	27.906111111111112	1674.3666666666666
7	0.091	0.067	0.082	0.078	0.08	0.049	0.05	0.065	0.133	0.136	0.202	0.263	0.009	0.081	0.067	0.117	0.039	0.169	0.036	0.122	0.0	0.106	0.001	0.132	0.094	0.0	0.051	0.038	0.096	0.058	0.086	0.154	0.117	0.101	0.049	0.118	0.088	0.131	0.121	0.0	0.039	0.234	0.0	0.119	0.064	0.113	0.23	0.072	0.21	0.05	0.05	0.019	0.065	0.104	0.086	0.042	0.185	0.133	0.21	0.121	0.074	0.141	0.063	0.062	0.128	0.114	0.142	0.185	0.103	0.119	0.075	0.152	0.112	0.075	0.03	0.102	0.301	0.089	0.102	0.0	0.158	0.131	0.105	0.065	0.045	0.234	0.084	0.083	0.013	0.139	0.098	0.022	0.125	0.058	0.0	0.073	2021-08-13 21:43:20	c_target_real_13-08-2021 21-43-20_11643_11784.csv	1 days 08:53:43	32.89527777777778	1973.7166666666667
8	0.137	0.085	0.174	0.177	0.113	0.074	0.092	0.147	0.157	0.173	0.221	0.285	0.00033074999999999994	0.154	0.086	0.126	0.134	0.195	0.166	0.284	0.0	0.229	3.415e-05	0.352	0.148	0.0	0.105	0.081	0.111	0.06	0.13	0.278	0.142	0.166	0.048	0.085	0.157	0.146	0.159	0.0	0.009	0.271	0.0	0.114	0.135	0.107	0.27	0.073	0.291	0.053	0.053	0.033	0.133	0.166	0.132	0.05	0.195	0.146	0.195	0.238	0.066	0.18	0.083	0.084	0.11	0.175	0.175	0.176	0.113	0.184	0.138	0.156	0.153	0.106	0.078	0.125	0.259	0.158	0.205	0.0	0.197	0.135	0.162	0.094	0.082	0.312	0.122	0.08	0.009	0.124	0.099	0.047	0.118	0.103	0.0	0.094	2021-08-14 02:00:34	c_target_real_14-08-2021 02-00-34_11643_11802.csv	1 days 13:10:57	37.1825	2230.95
9	0.131	0.072	0.256	0.166	0.228	0.26	0.158	0.24	0.192	0.202	0.217	0.211	0.025	0.195	0.089	0.15	0.276	0.263	0.178	0.409	0.0	0.314	0.025	0.566	0.224	0.0	0.133	0.318	0.168	0.182	0.223	0.416	0.118	0.201	0.055	0.098	0.286	0.181	0.152	0.0	0.019	0.29	0.0	0.129	0.134	0.189	0.245	0.162	0.362	0.083	0.045	0.077	0.288	0.269	0.287	0.056	0.197	0.163	0.186	0.144	0.103	0.195	0.183	0.19	0.166	0.316	0.235	0.235	0.042	0.253	0.205	0.209	0.212	0.162	0.177	0.146	0.252	0.365	0.607	0.0	0.219	0.175	0.28	0.224	0.192	0.441	0.236	0.149	0.002	0.174	0.164	0.128	0.162	0.2	0.0	0.171	2021-08-14 06:16:30	c_target_real_14-08-2021 06-16-30_11643_11820.csv	1 days 17:26:53	41.448055555555555	2486.883333333333
10	0.175	0.076	0.231	0.156	0.25	0.352	0.202	0.188	0.158	0.229	0.193	0.234	0.039	0.198	0.064	0.129	0.226	0.286	0.119	0.349	0.0	0.223	0.103	0.246	0.208	0.0	0.082	0.297	0.179	0.322	0.163	0.222	0.131	0.165	0.245	0.109	0.371	0.18	0.105	0.0	0.029	0.243	0.0	0.106	0.083	0.191	0.192	0.192	0.289	0.081	0.052	0.085	0.307	0.227	0.238	0.052	0.172	0.17	0.166	0.068	0.101	0.141	0.229	0.201	0.2	0.258	0.208	0.239	0.032	0.223	0.243	0.3	0.21	0.213	0.152	0.109	0.243	0.433	1.549	0.0	0.22	0.244	0.265	0.24	0.281	0.583	0.268	0.163	0.0001111	0.187	0.223	0.135	0.164	0.176	0.0	0.173	2021-08-14 10:28:53	c_target_real_14-08-2021 10-28-53_11643_11838.csv	1 days 21:39:16	45.654444444444444	2739.266666666667
11	0.156	0.149	0.229	0.162	0.178	0.164	0.149	0.123	0.095	0.214	0.172	0.274	0.045	0.15	0.051	0.088	0.117	0.202	0.095	0.254	0.0	0.107	0.169	0.154	0.161	0.0	0.046	0.116	0.131	0.273	0.135	0.13	0.146	0.127	0.535	0.145	0.442	0.177	0.066	0.0	0.056	0.195	0.0	0.098	0.058	0.161	0.187	0.188	0.211	0.066	0.066	0.054	0.191	0.169	0.147	0.052	0.132	0.171	0.155	0.059	0.091	0.116	0.18	0.191	0.173	0.134	0.141	0.189	0.049	0.158	0.254	0.576	0.204	0.226	0.097	0.104	0.29	0.248	1.849	0.0	0.183	0.298	0.2	0.201	0.324	1.327	0.224	0.146	0.025	0.152	0.241	0.09	0.159	0.12	0.0	0.19	2021-08-14 14:44:03	c_target_real_14-08-2021 14-44-03_11643_11856.csv	2 days 01:54:26	49.907222222222224	2994.4333333333334
12	0.107	0.121	0.127	0.127	0.126	0.121	0.113	0.118	0.04	0.203	0.129	0.373	0.047	0.134	0.046	0.076	0.081	0.162	0.072	0.149	0.0	0.067	0.102	0.07	0.122	0.0	0.023	0.081	0.15	0.289	0.124	0.114	0.09	0.137	0.297	0.157	0.417	0.186	0.022	0.0	0.072	0.183	0.0	0.087	0.055	0.146	0.216	0.192	0.246	0.059	0.083	0.047	0.129	0.157	0.149	0.049	0.128	0.165	0.152	0.141	0.144	0.102	0.2	0.171	0.175	0.116	0.106	0.2	0.115	0.114	0.168	1.211	0.177	0.17	0.08	0.099	0.251	0.167	1.661	0.0	0.166	0.628	0.187	0.141	0.251	2.308	0.251	0.148	0.05	0.158	0.203	0.085	0.152	0.123	0.0	0.199	2021-08-14 19:58:24	c_target_real_14-08-2021 19-58-24_11643_11875.csv	2 days 07:08:47	55.146388888888886	3308.7833333333333
13	0.161	0.133	0.243	0.122	0.119	0.114	0.096	0.122	0.082	0.242	0.177	0.391	0.091	0.141	0.078	0.082	0.068	0.177	0.118	0.3	0.0	0.119	0.052	0.193	0.118	0.0	0.029	0.091	0.155	0.442	0.187	0.167	0.096	0.15	0.198	0.152	0.453	0.193	0.058	0.0	0.09	0.239	0.0	0.096	0.053	0.137	0.228	0.192	0.276	0.049	0.088	0.069	0.145	0.186	0.162	0.056	0.169	0.198	0.182	0.381	0.156	0.149	0.15	0.155	0.154	0.125	0.116	0.154	0.145	0.145	0.184	1.773	0.161	0.151	0.077	0.096	0.24	0.15	1.298	0.0	0.181	3.14	0.229	0.122	0.171	1.895	0.293	0.14	0.09	0.17	0.167	0.104	0.143	0.136	0.0	0.18	2021-08-15 00:13:38	c_target_real_15-08-2021 00-13-38_11643_11901.csv	2 days 11:24:01	59.40027777777778	3564.016666666667
14	0.285	0.337	0.31	0.19	0.184	0.176	0.203	0.234	0.255	0.572	0.267	0.399	0.197	0.176	0.091	0.207	0.122	0.294	0.149	0.646	0.0	0.211	0.046	0.798	0.152	0.0	0.145	0.193	0.208	0.69	0.376	0.259	0.114	0.248	0.064	0.136	0.555	0.266	0.146	0.0	0.142	0.335	0.0	0.201	0.088	0.179	0.287	0.213	0.411	0.049	0.135	0.074	0.161	0.302	0.302	0.1	0.264	0.283	0.165	0.314	0.208	0.231	0.216	0.212	0.222	0.143	0.173	0.163	0.156	0.234	0.249	1.936	0.219	0.188	0.112	0.124	0.261	0.256	1.697	0.0	0.263	9.0	0.246	0.157	0.194	1.338	0.435	0.174	0.116	0.213	0.219	0.145	0.144	0.161	0.0	0.215	2021-08-15 04:29:10	c_target_real_15-08-2021 04-29-10_11643_11919.csv	2 days 15:39:33	63.659166666666664	3819.55
15	0.427	0.433	0.663	0.247	0.239	0.226	0.213	0.244	0.379	1.354	0.422	0.372	0.259	0.267	0.169	0.425	0.239	0.427	0.147	1.215	0.0	0.308	0.108	1.662	0.191	0.0	0.432	0.363	0.197	0.855	0.453	0.312	0.158	0.315	0.06	0.147	0.785	0.356	0.269	0.0	0.355	0.368	0.0	0.298	0.099	0.264	0.313	0.253	0.461	0.049	0.168	0.081	0.266	0.492	0.397	0.145	0.364	0.346	0.229	0.219	0.222	0.264	0.252	0.28	0.177	0.246	0.285	0.216	0.181	0.255	0.455	1.837	0.264	0.177	0.169	0.148	0.245	0.396	1.8	0.0	0.288	3.103	0.341	0.244	0.216	1.654	0.439	0.194	0.111	0.241	0.278	0.168	0.175	0.215	0.0	0.265	2021-08-15 08:42:40	c_target_real_15-08-2021 08-42-40_11643_11937.csv	2 days 19:53:03	67.88416666666667	4073.05
16	0.37	0.331	1.839	0.224	0.269	0.273	0.217	0.14	0.23	1.086	0.452	0.386	0.157	0.305	0.195	0.384	0.296	0.433	0.133	1.402	0.0	0.295	0.239	0.813	0.23	0.0	0.25	0.307	0.213	0.548	0.504	0.216	0.137	0.285	0.093	0.146	1.01	0.438	0.162	0.0	0.352	0.313	0.0	0.344	0.075	0.284	0.305	0.311	0.474	0.045	0.174	0.074	0.346	0.684	0.499	0.155	0.385	0.34	0.317	0.191	0.212	0.357	0.318	0.344	0.268	0.424	0.375	0.259	0.22	0.318	0.57	1.697	0.264	0.238	0.184	0.171	0.251	0.414	1.89	0.0	0.339	1.478	0.45	0.312	0.278	2.245	0.497	0.21	0.094	0.259	0.32	0.17	0.191	0.24	0.0	0.291	2021-08-15 13:01:25	c_target_real_15-08-2021 13-01-25_11643_11955.csv	3 days 00:11:48	72.19666666666667	4331.8
17	0.431	0.255	2.367	0.307	0.32	0.276	0.258	0.2	0.185	1.011	0.5	0.5	0.04	0.331	0.143	0.301	0.251	0.48	0.117	1.709	0.0	0.383	0.285	0.569	0.249	0.0	0.14	0.255	0.255	0.166	0.478	0.187	0.152	0.3	0.397	0.138	1.142	0.549	0.166	0.0	0.198	0.217	0.0	0.324	0.073	0.297	0.369	0.307	0.495	0.053	0.2	0.108	0.4	0.598	0.633	0.169	0.405	0.378	0.422	0.231	0.371	0.532	0.432	0.44	0.455	0.53	0.403	0.353	0.26	0.43	0.499	1.778	0.375	0.378	0.155	0.235	0.292	0.402	1.469	0.0	0.497	1.012	0.387	0.363	0.323	2.047	0.726	0.242	0.088	0.292	0.307	0.165	0.23	0.35	0.0	0.391	2021-08-15 17:18:29	c_target_real_15-08-2021 17-18-29_11643_11973.csv	3 days 04:28:52	76.4811111111111	4588.866666666667
18	0.323	0.165	1.657	0.33	0.291	0.222	0.274	0.208	0.171	0.951	0.542	1.017	0.05	0.242	0.263	0.227	0.178	0.586	0.118	1.34	0.0	0.366	0.134	0.154	0.322	0.0	0.135	0.22	0.311	0.045	0.407	0.155	0.168	0.29	0.482	0.297	0.762	0.709	0.147	0.0	0.039	0.127	0.0	0.24	0.057	0.239	0.457	0.378	0.567	0.07	0.145	0.134	0.384	0.407	0.839	0.164	0.487	0.417	0.431	0.407	0.511	1.007	0.368	0.399	0.379	0.776	0.276	0.301	0.255	0.532	0.576	1.646	0.412	0.431	0.187	0.283	0.532	0.389	0.881	0.0	1.158	2.187	0.335	0.414	0.399	1.571	0.818	0.369	0.094	0.385	0.316	0.187	0.372	0.599	0.0	0.542	2021-08-15 22:29:41	c_target_real_15-08-2021 22-29-41_11643_11992.csv	3 days 09:40:04	81.66777777777777	4900.066666666667
19	0.4	0.168	1.16	0.417	0.375	0.184	0.399	0.232	0.239	0.878	0.514	1.296	0.07	0.192	0.236	0.328	0.257	0.564	0.181	1.278	0.0	0.747	0.06	0.244	0.359	0.0	0.164	0.284	0.307	0.059	0.358	0.213	0.248	0.393	0.549	0.322	0.668	0.691	0.211	0.0	0.036	0.214	0.0	0.289	0.091	0.301	0.52	0.38	0.613	0.061	0.173	0.152	0.544	0.439	0.519	0.2	0.576	0.604	0.459	0.582	0.323	0.828	0.416	0.536	0.448	0.534	0.264	0.428	0.215	0.592	0.637	1.324	0.416	0.448	0.173	0.298	0.667	0.441	0.98	0.0	0.973	6.418	0.349	0.399	0.422	1.495	0.702	0.422	0.071	0.412	0.27	0.246	0.537	0.869	0.0	0.504	2021-08-16 02:45:46	c_target_real_16-08-2021 02-45-46_11643_12018.csv	3 days 13:56:09	85.93583333333333	5156.15
20	1.341	0.271	0.812	0.444	0.405	0.177	0.54	0.281	0.297	0.884	0.397	0.64	0.115	0.353	0.194	0.595	0.365	0.297	0.241	2.185	0.0	0.661	0.065	0.659	0.49	0.0	0.165	0.365	0.341	0.117	0.431	0.249	0.27	0.506	0.621	0.255	0.489	0.402	0.235	0.0	0.069	0.305	0.0	0.351	0.099	0.312	0.511	0.473	0.67	0.054	0.204	0.157	0.573	0.52	0.301	0.254	0.599	0.659	0.503	0.512	0.198	0.353	0.393	0.443	0.599	0.295	0.312	0.664	0.126	0.519	0.559	1.067	0.394	0.459	0.212	0.244	0.56	0.638	1.222	0.0	0.463	8.125	0.364	0.433	0.384	1.474	0.34	0.441	0.05	0.444	0.323	0.26	0.591	0.882	0.0	0.187	2021-08-16 07:04:28	c_target_real_16-08-2021 07-04-28_11643_12036.csv	3 days 18:14:51	90.2475	5414.85
21	0.924	0.359	0.568	0.53	0.475	0.139	0.509	0.521	0.377	1.057	0.234	0.183	0.144	0.336	0.214	0.643	0.442	0.211	0.265	2.618	0.0	0.485	0.094	0.991	0.587	0.0	0.151	0.361	0.367	0.258	0.431	0.327	0.335	0.601	0.557	0.131	0.449	0.34	0.319	0.0	0.127	0.279	0.0	0.501	0.122	0.377	0.336	0.446	0.564	0.057	0.191	0.118	0.276	0.527	0.256	0.199	0.384	0.433	0.516	0.35	0.133	0.203	0.402	0.318	0.611	0.239	0.348	0.577	0.119	0.27	0.415	0.788	0.343	0.42	0.264	0.216	0.466	0.658	1.454	0.0	0.197	14.714	0.395	0.387	0.299	1.545	0.231	0.38	0.035	0.417	0.423	0.242	0.393	0.711	0.0	0.072	2021-08-16 11:19:52	c_target_real_16-08-2021 11-19-52_11643_12054.csv	3 days 22:30:15	94.50416666666666	5670.25
22	0.544	0.414	0.398	0.419	0.392	0.14	0.481	0.816	0.37	1.065	0.29	0.181	0.121	0.378	0.171	0.426	0.447	0.348	0.311	1.949	0.0	0.366	0.174	0.679	0.583	0.0	0.245	0.293	0.399	0.261	0.445	0.309	0.27	0.444	0.334	0.114	0.55	0.413	0.257	0.0	0.203	0.3	0.0	0.436	0.116	0.407	0.15	0.54	0.623	0.062	0.187	0.07	0.143	0.42	0.299	0.197	0.205	0.243	0.424	0.317	0.184	0.158	0.448	0.268	0.373	0.328	0.269	0.317	0.171	0.183	0.334	0.751	0.3	0.387	0.257	0.179	0.572	0.399	1.403	0.0	0.158	14.987	0.474	0.315	0.316	1.607	0.456	0.311	0.025	0.471	0.422	0.202	0.332	0.548	0.0	0.103	2021-08-16 15:31:39	c_target_real_16-08-2021 15-31-39_11643_12072.csv	4 days 02:42:02	98.70055555555555	5922.033333333334
23	0.271	0.666	0.521	0.321	0.405	0.577	0.49	0.782	0.389	0.791	0.465	0.905	0.079	0.459	0.429	0.339	0.472	0.726	0.373	1.704	0.0	0.57	0.399	0.775	0.39	0.0	0.548	0.253	0.482	0.318	0.512	0.279	0.375	0.494	0.22	0.363	0.56	0.444	0.324	0.0	0.36	0.394	0.0	0.396	0.112	0.438	0.21	0.49	1.206	0.085	0.167	0.14	0.265	0.787	0.443	0.175	0.263	0.326	0.351	1.585	0.338	0.319	1.028	0.364	0.247	1.252	0.282	0.192	0.267	0.309	0.396	1.352	0.306	0.427	0.249	0.202	0.791	0.34	1.633	0.0	0.305	22.698	0.463	0.275	0.391	1.736	1.643	0.36	0.018	0.552	0.406	0.296	0.382	0.537	0.0	0.363	2021-08-16 20:56:19	c_target_real_16-08-2021 20-56-19_11643_12090.csv	4 days 08:06:42	104.11166666666666	6246.7
24	0.297	0.976	0.583	0.372	0.509	0.7	0.425	1.084	0.358	0.898	0.601	1.279	0.113	0.435	0.765	0.462	0.453	0.77	0.374	2.99	0.0	0.768	0.557	0.941	0.268	0.0	0.611	0.308	0.536	0.671	0.557	0.39	0.429	0.74	0.377	0.308	0.497	0.44	0.344	0.0	0.575	0.447	0.0	0.439	0.139	0.502	0.414	0.429	0.869	0.072	0.123	0.15	0.484	0.725	0.558	0.182	0.386	0.582	0.398	4.835	0.172	0.547	1.032	0.441	0.263	0.949	0.254	0.306	0.341	0.585	0.522	1.799	0.338	0.406	0.219	0.315	0.279	0.31	2.49	0.0	0.969	24.711	0.512	0.358	0.44	1.472	1.265	0.218	0.013	0.241	0.357	0.477	0.46	0.628	0.0	0.719	2021-08-17 01:08:58	c_target_real_17-08-2021 01-08-58_11643_12109.csv	4 days 12:19:21	108.3225	6499.35
25	0.691	1.253	0.571	0.524	0.781	0.438	0.482	1.179	0.462	0.849	0.698	0.696	0.153	0.37	0.847	0.45	0.472	0.496	0.417	5.748	0.0	0.781	0.367	1.258	0.337	0.0	0.622	0.393	0.597	1.041	0.635	0.387	0.522	1.094	0.605	0.178	0.534	0.386	0.303	0.0	0.452	0.501	0.0	0.46	0.117	0.531	0.732	0.418	0.54	0.117	0.169	0.231	0.8	0.785	0.643	0.233	0.712	0.711	0.462	3.728	0.232	0.629	1.174	0.561	0.444	1.038	0.431	0.642	0.465	0.7	0.626	2.581	0.444	0.443	0.277	0.456	0.435	0.492	4.188	0.0	1.377	23.599	0.699	0.521	0.594	2.661	0.744	0.316	0.009	0.405	0.438	0.682	0.581	0.805	0.0	0.723	2021-08-17 05:23:16	c_target_real_17-08-2021 05-23-16_11643_12135.csv	4 days 16:33:39	112.56083333333333	6753.65
26	1.046	1.123	0.558	0.674	0.714	0.236	0.439	1.48	0.515	1.35	0.682	0.529	0.219	0.426	0.792	0.53	0.438	0.389	0.4	6.834	0.0	0.707	0.111	1.571	0.451	0.0	0.341	0.361	0.556	0.617	0.729	0.446	0.596	1.17	1.338	0.146	0.662	0.473	0.349	0.0	0.167	0.465	0.0	0.564	0.131	0.788	0.968	0.53	0.681	0.153	0.173	0.287	0.624	0.705	0.544	0.378	0.893	0.844	0.568	1.553	0.458	0.538	0.915	0.52	0.519	1.222	0.635	0.627	0.516	0.544	0.605	3.081	0.495	0.471	0.267	0.394	1.019	0.727	4.253	0.0	0.996	21.176	0.793	0.63	0.679	3.798	0.485	0.494	0.006	0.672	0.427	0.61	0.544	1.008	0.0	0.428	2021-08-17 09:37:59	c_target_real_17-08-2021 09-37-59_11643_12153.csv	4 days 20:48:22	116.80611111111111	7008.366666666667
27	1.394	1.22	0.67	0.733	0.769	0.211	0.512	0.985	0.487	1.733	0.475	0.496	0.249	0.429	0.56	0.681	0.399	0.642	0.505	7.122	0.0	0.646	0.082	1.735	0.418	0.0	0.286	0.393	0.4	0.45	0.602	0.386	0.563	0.948	1.325	0.172	0.914	0.546	0.382	0.0	0.142	0.459	0.0	0.592	0.141	0.646	0.89	0.431	1.065	0.15	0.166	0.255	0.433	0.744	0.509	0.411	0.8	0.825	0.818	0.833	0.465	0.574	1.0	0.556	0.49	0.86	0.67	0.437	0.454	0.492	0.62	2.949	0.446	0.39	0.306	0.354	1.292	0.618	3.398	0.0	0.594	20.999	0.567	0.564	0.55	4.357	0.531	0.622	0.004	0.672	0.412	0.345	0.477	1.009	0.0	0.333	2021-08-17 14:33:49	c_target_real_17-08-2021 14-33-49_11643_12172.csv	5 days 01:44:12	121.73666666666666	7304.2
28	1.968	0.962	1.221	0.625	0.814	0.158	0.554	0.562	0.485	2.547	0.644	0.583	0.332	0.362	0.566	0.482	0.516	1.001	0.477	8.049	0.0	0.531	0.002	1.823	0.477	0.0	0.224	0.36	0.535	0.624	0.544	0.433	0.473	0.7	0.49	0.232	0.804	0.515	0.393	0.0	0.192	0.424	0.0	0.65	0.152	0.478	0.825	0.42	1.239	0.132	0.16	0.226	0.554	0.644	0.385	0.37	0.694	0.565	1.205	0.968	0.382	0.633	0.994	0.432	0.318	0.785	0.658	0.377	0.5	0.466	0.637	2.223	0.389	0.361	0.309	0.304	1.186	0.501	3.043	0.0	0.438	19.212	0.557	0.562	0.498	4.28	0.895	0.652	0.001	0.597	0.424	0.267	0.456	1.225	0.0	0.399	2021-08-17 19:53:40	c_target_real_17-08-2021 19-53-40_11643_12191.csv	5 days 07:04:03	127.0675	7624.05
29	1.657	1.335	1.528	0.619	1.235	0.225	0.622	0.478	0.463	2.733	1.141	0.727	0.31	0.45	0.713	0.418	0.79	1.065	0.473	7.2	0.0	0.5	6.45e-05	1.771	0.545	0.0	0.255	0.277	0.575	0.874	0.562	0.37	0.505	0.663	0.213	0.288	0.747	0.56	0.438	0.0	0.271	0.501	0.0	0.576	0.165	0.455	0.962	0.469	1.058	0.006	0.188	0.252	0.696	0.616	0.325	0.417	0.666	0.618	1.336	1.462	0.244	0.74	1.033	0.395	0.385	0.67	0.502	0.433	0.517	0.441	0.794	2.258	0.414	0.441	0.375	0.254	1.263	0.424	2.493	0.0	0.408	18.448	0.728	0.617	0.596	3.248	1.462	0.633	4.425e-05	0.577	0.503	0.374	0.482	1.472	0.0	0.562	2021-08-18 00:09:56	c_target_real_18-08-2021 00-09-56_11643_12210.csv	5 days 11:20:19	131.3386111111111	7880.316666666667
30	1.026	1.448	1.005	0.521	1.243	0.444	0.715	0.722	0.813	2.477	2.974	1.359	0.278	0.779	1.135	0.977	1.054	1.055	0.5	9.95	0.0	0.93	0.11	1.405	0.845	0.0	0.311	0.338	0.549	1.475	0.621	0.556	0.574	0.87	0.169	0.33	0.715	0.701	0.527	0.0	0.335	0.604	0.0	0.793	0.188	0.753	1.318	0.556	0.961	0.0002391	0.18	0.262	0.985	0.705	0.458	0.491	0.714	0.818	1.157	1.731	0.183	0.825	1.445	0.615	0.487	0.785	0.559	0.662	0.511	0.68	1.319	2.217	0.579	0.479	0.479	0.295	1.238	0.385	3.204	0.0	0.558	23.728	0.92	0.705	0.511	2.873	1.656	0.824	0.11	0.591	0.527	0.527	0.697	1.779	0.0	0.668	2021-08-18 04:24:15	c_target_real_18-08-2021 04-24-15_11643_12229.csv	5 days 15:34:38	135.57722222222222	8134.633333333333
31	0.764	1.667	0.626	0.391	1.058	0.357	0.857	0.872	0.946	1.665	8.458	2.018	0.311	0.625	0.95	0.746	0.746	0.954	0.516	10.847	0.0	1.138	0.336	1.007	0.833	0.0	0.289	0.472	0.762	0.811	1.05	0.833	0.448	0.94	0.26	0.389	0.609	0.742	0.473	0.0	0.645	0.433	0.0	0.875	0.142	0.691	1.819	0.598	1.042	0.11	0.215	0.207	1.188	0.759	0.522	0.539	0.781	1.135	0.839	1.637	0.297	0.754	1.058	0.747	0.57	0.858	0.471	0.682	0.569	0.549	1.595	2.365	0.462	0.596	0.529	0.216	1.514	0.457	3.376	0.0	0.464	19.094	0.813	0.692	0.551	3.487	1.184	0.783	0.204	0.493	0.525	0.454	0.748	1.61	0.0	0.767	2021-08-18 08:39:48	c_target_real_18-08-2021 08-39-48_11643_12255.csv	5 days 19:50:11	139.83638888888888	8390.183333333332
32	0.963	3.002	0.78	0.443	1.179	0.374	1.036	1.794	0.678	1.953	14.463	1.597	0.406	0.547	1.062	0.839	0.648	0.917	0.556	10.401	0.0	1.146	0.526	0.97	0.568	0.0	0.373	0.635	0.965	0.721	1.946	0.908	0.59	1.209	0.606	0.343	0.669	0.714	0.523	0.0	1.182	0.405	0.0	0.918	0.147	0.916	1.963	0.625	1.208	0.218	0.22	0.224	1.13	0.972	0.876	0.865	0.863	1.308	0.79	1.763	0.574	0.663	1.399	0.693	0.645	1.479	0.609	1.004	0.55	0.666	1.02	2.653	0.513	0.704	0.406	0.195	1.896	0.552	3.71	0.0	0.807	21.557	0.977	0.574	0.686	4.963	0.743	0.665	0.225	0.577	0.542	0.506	0.785	2.017	0.0	0.762	2021-08-18 12:56:22	c_target_real_18-08-2021 12-56-22_11643_12272.csv	6 days 00:06:45	144.1125	8646.75
33	0.901	3.578	0.718	0.563	1.249	0.263	1.022	3.36	0.591	2.337	11.3	1.109	0.346	0.735	1.151	0.772	0.653	0.948	0.505	10.251	0.0	1.018	0.63	1.162	0.703	0.0	0.327	0.492	0.774	0.622	3.815	1.097	0.691	1.327	0.69	0.299	0.695	0.897	0.484	0.0	0.973	0.465	0.0	0.906	0.154	0.72	1.44	0.588	1.408	0.242	0.273	0.234	0.84	1.092	0.881	0.891	0.89	1.294	0.771	1.848	1.086	0.575	1.282	0.808	0.545	1.807	0.549	1.127	0.623	0.675	0.652	3.068	0.546	0.769	0.286	0.199	2.485	0.754	3.96	0.0	1.307	21.812	1.019	0.566	0.994	5.819	0.737	0.551	0.036	0.866	0.674	0.664	0.822	2.012	0.0	0.701	2021-08-18 17:11:39	c_target_real_18-08-2021 17-11-39_11643_12290.csv	6 days 04:22:02	148.3672222222222	8902.033333333333
34	2.328	7.519	2.895	2.815	1.784	0.845	0.953	3.86	1.175	2.795	6.352	1.144	0.361	1.384	2.444	1.727	1.259	1.116	0.838	21.939	0.0	1.301	0.56	2.232	2.013	0.0	0.875	1.075	0.719	0.977	12.04	1.945	1.491	2.675	1.19	1.078	1.611	1.703	1.082	0.0	0.405	0.757	0.0	0.81	0.279	0.645	0.616	0.798	1.5	0.375	0.432	0.558	1.359	1.973	0.837	1.55	0.86	0.997	1.217	4.568	2.759	1.735	2.77	1.743	1.22	2.841	1.23	0.983	0.701	1.218	0.884	3.929	1.084	1.211	0.308	0.553	6.602	1.22	4.741	0.0	1.274	36.276	1.342	0.861	1.431	5.612	2.484	1.178	0.002	1.616	1.078	1.18	1.009	2.148	0.0	0.672	2021-08-18 23:31:27	c_target_real_18-08-2021 23-31-27_11643_12312.csv	6 days 10:41:50	154.69722222222222	9281.833333333334
35	3.045	12.038	4.044	2.494	2.434	1.181	0.732	3.807	1.455	2.226	5.579	0.988	0.435	0.997	1.621	1.357	1.28	1.05	0.851	39.203	0.0	1.146	0.486	2.124	2.068	0.0	0.875	1.279	0.775	1.692	14.078	2.524	1.543	3.18	1.531	0.97	1.898	1.493	1.075	0.0	0.109	0.803	0.0	0.734	0.301	0.64	1.035	0.833	1.138	0.344	0.398	0.836	1.525	1.349	0.648	1.273	0.66	0.958	1.414	7.27	1.511	1.519	3.368	1.577	1.551	2.286	1.135	0.602	0.561	1.022	1.224	3.536	1.032	0.921	0.394	0.606	8.695	0.662	3.584	0.0	1.092	49.97	1.048	0.908	1.162	4.645	3.315	1.173	9.350000000000001e-05	1.22	0.808	1.293	0.931	1.9	0.0	0.702	2021-08-19 03:47:05	c_target_real_19-08-2021 03-47-05_11643_12330.csv	6 days 14:57:28	158.95777777777778	9537.466666666667
36	1.55	4.213	4.1	0.891	2.616	0.711	0.592	3.681	1.331	2.29	7.757	0.957	0.522	0.616	0.929	1.116	0.745	1.22	0.59	29.575	0.0	0.912	0.763	1.547	1.026	0.0	0.624	1.374	0.684	1.504	7.821	1.767	1.315	3.032	1.217	0.647	1.526	1.28	0.891	0.0	0.003	0.558	0.0	0.747	0.295	0.787	1.736	0.981	1.227	0.255	0.403	0.492	1.267	1.061	0.605	1.424	0.691	1.049	1.115	4.823	0.398	1.209	3.097	1.115	1.359	1.504	1.377	0.511	0.536	0.856	1.792	2.876	0.924	0.796	0.6	0.472	7.031	0.357	3.27	0.0	1.01	52.532	0.998	0.806	0.944	4.755	2.653	1.035	0.15	1.287	0.831	1.526	0.975	1.536	0.0	0.638	2021-08-19 08:43:56	c_target_real_19-08-2021 08-43-56_11643_12349.csv	6 days 19:54:19	163.90527777777777	9834.316666666668
37	1.098	1.884	3.395	0.194	2.746	0.498	0.63	3.661	1.012	2.525	11.647	1.068	0.524	0.862	0.627	0.86	0.515	1.085	0.582	18.836	0.0	1.042	0.891	1.001	0.718	0.0	0.392	1.082	0.575	1.215	5.475	1.527	0.912	2.894	0.863	0.323	0.654	0.975	0.715	0.0	9.585e-05	0.352	0.0	0.879	0.27	0.872	2.665	0.896	1.303	0.257	0.343	0.333	1.075	0.994	0.654	1.141	0.82	1.334	1.134	3.636	0.053	0.827	2.232	0.765	1.159	1.74	1.771	0.595	0.515	0.862	1.751	3.877	0.539	0.599	0.503	0.41	5.896	0.403	3.27	0.0	0.874	31.482	1.129	0.683	0.532	5.166	1.253	0.712	0.01	1.028	0.865	1.633	0.881	1.592	0.0	0.792	2021-08-19 13:07:12	c_target_real_19-08-2021 13-07-12_11643_12375.csv	7 days 00:17:35	168.29305555555555	10097.583333333334
38	1.481	1.597	3.717	0.271	2.09	0.47	0.827	2.792	0.769	3.221	10.573	1.171	0.313	0.932	0.844	0.874	0.617	1.112	0.656	15.976	0.0	1.02	0.935	0.95	0.373	0.0	0.306	1.61	0.952	1.995	3.833	0.966	0.586	2.787	0.662	0.233	0.545	1.012	0.67	0.0	0.15	0.416	0.0	0.744	0.231	0.932	3.148	0.852	1.56	0.326	0.357	0.375	1.122	0.61	0.568	1.259	0.89	1.231	1.02	2.488	0.002	0.905	2.394	0.657	1.094	1.43	1.451	0.774	0.526	0.6	1.159	4.996	0.526	0.647	0.359	0.325	7.537	0.57	2.498	0.0	0.838	26.543	1.046	0.653	0.535	6.393	1.293	0.76	0.001	0.803	0.875	1.484	0.938	1.415	0.0	0.852	2021-08-19 17:20:02	c_target_real_19-08-2021 17-20-02_11643_12393.csv	7 days 04:30:25	172.50694444444446	10350.416666666666
39	3.113	2.861	6.355	1.108	2.741	0.725	0.685	2.134	1.714	2.95	6.413	1.939	0.319	2.89	2.119	1.704	1.798	1.44	1.279	14.841	0.0	0.955	1.174	1.502	1.142	0.0	0.654	2.212	1.359	6.724	4.064	0.99	0.668	2.864	0.681	0.548	1.083	1.024	1.373	0.0	0.498	0.626	0.0	0.677	0.235	0.935	4.139	0.735	1.825	0.317	0.329	0.981	1.366	1.025	1.023	1.461	1.024	0.94	1.204	3.545	5.81e-05	1.402	3.96	1.207	1.113	2.677	1.914	0.929	0.574	0.734	0.794	13.573	0.602	0.76	0.646	0.483	8.716	0.914	3.61	0.0	0.965	28.345	1.008	0.743	0.551	7.417	1.938	1.073	3.745e-05	1.008	0.796	1.198	1.104	1.665	0.0	0.85	2021-08-19 22:31:44	c_target_real_19-08-2021 22-31-44_11643_12412.csv	7 days 09:42:07	177.70194444444445	10662.116666666667
40	3.777	2.947	6.967	1.575	3.517	0.931	0.677	2.885	1.655	2.604	3.569	1.771	1.595	2.671	2.125	1.765	2.42	1.768	1.293	23.466	0.0	0.883	1.565	1.727	1.679	0.0	0.623	1.708	1.348	6.052	3.474	0.999	0.85	3.834	0.923	0.657	1.15	1.096	1.129	0.0	0.811	0.616	0.0	0.739	0.282	0.856	3.41	0.657	1.737	0.235	0.326	0.963	1.351	1.621	1.295	1.868	1.261	0.918	2.085	4.606	0.21	1.471	2.993	0.954	0.972	5.218	2.887	1.075	0.578	1.212	0.87	14.198	0.624	0.751	1.181	0.627	4.809	1.267	5.605	0.0	1.452	34.095	1.185	0.894	0.855	6.832	2.351	1.303	0.21	1.431	0.94	1.329	1.149	2.056	0.0	0.913	2021-08-20 02:46:36	c_target_real_20-08-2021 02-46-36_11643_12430.csv	7 days 13:56:59	181.94972222222222	10916.983333333334
41	2.439	2.499	3.957	1.1	3.391	0.911	0.596	3.813	1.389	3.226	3.388	1.877	1.354	1.085	2.403	1.44	1.307	1.927	0.801	20.598	0.0	0.835	1.025	1.718	1.875	0.0	0.652	1.204	1.247	1.891	3.99	0.869	0.502	4.636	1.255	0.522	1.258	1.278	0.927	0.0	0.698	0.399	0.0	0.854	0.015	0.689	1.364	0.54	1.742	0.013	0.417	0.934	1.228	1.488	1.146	1.356	1.55	1.041	2.589	4.136	0.444	1.624	3.355	0.827	0.974	4.46	2.957	0.873	0.6	1.125	1.109	9.807	0.551	0.68	1.25	0.512	2.2	1.457	5.052	0.0	1.546	36.691	1.296	1.052	0.922	6.025	2.453	0.976	0.27	1.759	1.023	1.314	1.108	1.934	0.0	1.052	2021-08-20 07:01:35	c_target_real_20-08-2021 07-01-35_11643_12448.csv	7 days 18:11:58	186.19944444444445	11171.966666666667
42	2.285	2.059	3.433	1.071	3.336	0.801	0.517	7.165	1.627	4.113	3.031	1.879	0.713	0.52	2.011	0.86	1.497	2.376	0.705	26.777	0.0	1.078	0.502	2.071	2.173	0.0	0.483	1.122	1.591	1.324	5.253	0.862	0.63	4.429	1.238	0.492	1.382	0.988	0.977	0.0	0.657	0.491	0.0	0.819	0.001	0.775	0.546	0.675	1.709	0.001	0.391	1.065	1.334	1.428	1.019	1.693	1.518	1.321	3.089	3.787	0.899	1.188	3.006	0.92	1.186	4.869	2.903	0.949	0.646	0.876	1.956	7.818	0.436	0.815	1.195	0.538	1.857	1.245	4.766	0.0	1.095	35.139	1.241	1.037	1.017	5.2	2.014	0.777	0.056	1.784	1.039	1.417	1.126	1.95	0.0	1.065	2021-08-20 11:16:18	c_target_real_20-08-2021 11-16-18_11643_12467.csv	7 days 22:26:41	190.44472222222223	11426.683333333332
43	1.941	3.541	5.006	1.676	3.26	0.827	0.75	20.446	1.396	3.955	2.618	1.398	0.297	0.753	4.09	0.761	2.078	2.672	1.622	23.992	0.0	0.578	0.321	2.448	1.67	0.0	0.722	1.364	1.72	0.883	6.694	0.911	0.659	4.29	0.876	0.423	1.134	0.794	0.719	0.0	0.647	0.423	0.0	0.582	3.0499999999999996e-05	0.878	0.849	0.612	1.792	3.665e-05	0.018	0.874	1.051	1.067	0.747	2.077	1.13	1.648	2.329	4.67	0.89	0.973	1.768	0.634	0.844	4.875	1.543	0.927	0.64	1.004	1.841	7.881	0.38	0.852	0.936	0.4	1.902	0.585	4.424	0.0	0.666	41.945	1.413	0.801	0.884	5.222	1.695	0.849	0.009	1.859	0.745	1.424	0.891	2.176	0.0	1.069	2021-08-20 15:50:48	c_target_real_20-08-2021 15-50-48_11643_12493.csv	8 days 03:01:11	195.0197222222222	11701.183333333332
44	2.811	7.407	7.89	1.947	2.591	0.592	1.08	32.31	0.88	5.167	5.192	2.087	0.246	1.046	4.865	0.763	2.687	2.731	3.037	44.417	0.0	0.717	0.353	3.252	1.698	0.0	0.702	1.617	2.635	0.622	7.739	1.457	0.754	6.208	0.942	0.58	1.397	1.476	0.772	0.0	0.714	0.55	0.0	0.656	0.21	0.827	1.541	0.689	2.447	0.21	0.001	0.845	1.261	1.017	0.966	2.934	0.885	1.725	1.606	5.32	1.243	1.491	2.463	0.762	1.042	6.0	1.887	1.561	0.617	1.676	1.913	8.525	0.983	1.65	0.856	0.755	2.884	0.551	3.907	0.0	0.706	42.359	1.931	0.775	0.914	5.823	1.643	0.908	0.00034199999999999996	2.167	1.039	1.965	0.885	2.299	0.0	1.448	2021-08-20 21:24:40	c_target_real_20-08-2021 21-24-40_11643_12512.csv	8 days 08:35:03	200.58416666666668	12035.05
45	2.501	13.185	9.614	1.318	2.535	0.742	1.003	34.765	1.109	3.809	9.291	1.81	0.407	1.693	2.808	1.097	3.274	2.488	1.174	64.503	0.0	0.869	0.702	2.934	1.324	0.0	0.651	1.558	2.857	0.835	10.797	2.305	1.129	6.808	1.319	0.594	1.479	2.381	0.776	0.0	0.847	0.759	0.0	0.918	0.565	0.933	2.952	0.853	2.272	0.306	3.86e-05	0.914	1.373	1.598	1.116	3.025	1.021	1.576	1.492	4.798	1.118	1.574	3.291	0.714	1.209	6.767	2.348	2.024	0.591	1.726	1.796	10.748	1.013	1.746	1.037	0.766	4.262	0.516	4.273	0.0	1.259	56.655	1.725	0.794	0.957	5.863	1.472	0.912	0.21	1.668	1.039	1.965	1.02	1.943	0.0	1.284	2021-08-21 01:36:26	c_target_real_21-08-2021 01-36-26_11643_12530.csv	8 days 12:46:49	204.78027777777777	12286.816666666668
46	3.396	10.351	8.689	1.275	3.79	1.35	1.001	28.222	1.376	5.227	9.505	2.278	1.089	2.137	1.047	1.59	4.025	1.969	0.814	62.584	0.0	1.227	1.445	3.996	1.776	0.0	0.751	1.426	5.86	2.516	9.057	2.205	1.529	6.231	1.78	0.416	1.774	2.442	0.912	0.0	0.904	0.657	0.0	0.89	0.329	1.245	4.241	0.788	1.766	0.361	0.21	0.8	1.494	1.952	1.259	2.956	1.16	1.627	2.396	7.382	0.737	1.501	3.836	0.753	1.384	6.663	2.96	2.348	0.63	1.732	1.835	17.921	0.93	1.617	0.908	0.551	5.231	0.899	6.967	0.0	1.599	54.552	1.577	0.936	1.086	6.189	1.436	0.989	0.291	1.746	1.213	1.624	1.362	1.944	0.0	1.022	2021-08-21 05:51:21	c_target_real_21-08-2021 05-51-21_11643_12548.csv	8 days 17:01:44	209.0288888888889	12541.733333333334
47	3.855	3.29	5.134	1.333	3.868	1.237	0.974	17.984	1.482	5.66	7.913	2.275	1.476	1.427	0.988	1.567	2.493	2.038	0.746	49.486	0.0	1.605	2.093	5.071	2.659	0.0	0.782	1.807	8.452	3.959	6.678	1.421	0.989	5.322	1.548	0.437	2.167	1.351	1.22	0.0	0.924	0.455	0.0	1.167	0.043	1.54	5.25	0.929	1.794	0.373	0.367	0.858	1.787	1.793	1.255	1.585	1.802	1.959	4.259	13.578	1.08	1.894	3.644	0.879	1.552	6.698	2.643	2.0	0.724	1.548	1.475	17.959	0.959	1.271	1.194	0.546	6.309	1.754	9.563	0.0	2.129	70.629	1.708	1.151	1.215	6.146	2.214	1.416	0.053	2.27	1.491	1.174	1.747	2.922	0.0	0.722	2021-08-21 10:06:30	c_target_real_21-08-2021 10-06-30_11643_12566.csv	8 days 21:16:53	213.2813888888889	12796.883333333333
48	5.07	3.187	6.438	2.786	5.104	1.131	1.5	13.106	2.232	5.101	10.235	2.993	1.873	0.995	1.906	2.064	1.493	2.519	0.984	57.515	0.0	2.207	1.857	4.093	2.253	0.0	1.054	3.45	12.432	6.047	5.575	1.053	1.25	4.182	1.053	0.548	3.331	1.006	1.184	0.0	1.113	0.669	0.0	1.077	0.001	1.402	4.433	0.99	2.463	0.013	0.011	0.87	2.223	1.757	1.288	1.129	2.268	2.852	3.852	17.108	1.21	2.835	4.345	1.321	2.104	5.922	3.034	1.47	0.797	1.089	1.675	11.789	1.547	1.221	2.006	0.017	6.074	1.937	7.359	0.0	1.98	72.746	1.608	1.244	1.262	6.52	2.544	1.488	0.004	2.457	1.564	1.069	1.73	3.809	0.0	0.888	2021-08-21 15:37:42	c_target_real_21-08-2021 15-37-42_11643_12586.csv	9 days 02:48:05	218.80138888888888	13128.083333333334
49	4.319	4.467	9.995	2.889	5.121	0.858	1.826	14.461	2.904	5.183	11.503	3.459	1.912	0.675	1.897	2.257	2.397	2.579	0.923	71.229	0.0	2.178	0.387	3.68	1.282	0.0	0.993	5.637	13.433	7.471	5.951	0.838	2.051	4.868	0.909	0.751	3.206	0.832	1.607	0.0	1.184	0.951	0.0	1.461	3.69e-05	1.493	4.031	1.115	1.973	0.001	0.00046805	1.109	2.093	1.451	1.143	1.693	1.865	3.569	2.27	7.308	1.862	2.504	4.427	1.625	2.643	5.205	3.007	1.296	0.768	1.041	2.512	9.629	1.456	1.179	1.946	0.001	6.181	0.891	4.268	0.0	1.821	57.24	1.481	1.105	1.061	4.256	2.959	1.268	0.0003448	1.975	1.257	1.394	1.589	2.714	0.0	1.161	2021-08-21 19:49:35	c_target_real_21-08-2021 19-49-35_11643_12612.csv	9 days 06:59:58	222.99944444444444	13379.966666666667
50	4.536	5.077	10.816	1.816	4.094	0.612	1.077	14.43	1.788	5.844	7.411	2.437	1.146	0.636	2.461	2.152	2.133	2.242	0.636	39.055	0.0	1.617	0.028	2.859	0.84	0.0	0.913	5.276	9.077	5.925	4.689	0.878	2.224	5.987	1.04	0.662	2.656	1.131	1.693	0.0	0.925	0.702	0.0	1.433	0.5	1.206	3.456	1.4	1.934	3.83e-05	0.5	1.143	1.518	1.453	1.092	1.323	1.029	3.072	1.569	2.908	2.901	2.019	5.397	1.784	2.98	6.678	3.076	1.877	0.68	1.013	2.745	7.922	1.431	1.154	1.043	4.13e-05	8.065	0.159	3.935	0.0	2.11	56.175	1.436	0.904	0.915	4.201	2.976	1.407	0.5	1.616	1.158	1.812	1.408	1.946	0.0	1.141	2021-08-22 00:03:36	c_target_real_22-08-2021 00-03-36_11643_12630.csv	9 days 11:13:59	227.23305555555555	13633.983333333334
51	5.766	9.609	16.6	0.308	5.006	0.769	1.121	16.949	2.603	6.329	8.02	2.13	0.963	0.956	3.769	2.065	2.576	2.109	1.044	48.112	0.0	1.156	0.001	3.579	0.816	0.0	0.919	2.131	2.751	3.453	5.072	1.308	3.638	7.462	2.006	0.586	1.733	1.566	2.054	0.0	0.859	0.063	0.0	1.736	0.541	1.394	3.717	1.718	2.19	0.5	0.738	1.585	1.615	1.893	1.185	2.65	0.234	1.469	2.141	3.887	4.759	1.728	5.278	1.431	2.299	8.84	3.28	2.604	0.599	1.658	2.059	9.613	1.21	1.259	0.695	0.5	9.025	0.011	4.688	0.0	1.898	67.641	2.111	1.054	0.793	5.294	3.714	1.871	0.056	1.853	1.662	3.17	1.396	2.436	0.0	1.129	2021-08-22 04:15:08	c_target_real_22-08-2021 04-15-08_11643_12648.csv	9 days 15:25:31	231.42527777777778	13885.516666666666
52	5.256	13.308	26.196	0.014	4.437	0.845	0.922	22.157	3.707	6.929	12.306	1.957	1.254	1.091	4.758	2.17	2.436	2.149	1.379	55.539	0.0	1.102	3.92e-05	5.256	1.348	0.0	1.154	1.214	1.838	2.698	5.661	1.838	5.265	8.426	3.281	0.598	1.974	1.956	2.472	0.0	1.09	0.003	0.0	1.778	0.155	1.693	4.431	1.556	2.357	0.556	0.739	1.299	1.41	2.216	1.431	3.103	0.013	0.979	4.29	7.939	6.05	1.8	4.57	1.241	1.41	9.628	3.365	3.061	0.656	1.72	1.592	8.665	1.273	1.372	0.064	1.127	7.967	0.001	5.343	0.0	1.731	72.509	2.097	0.956	0.639	6.321	3.064	2.137	0.014	1.767	1.561	4.014	1.384	2.931	0.0	1.315	2021-08-22 08:30:49	c_target_real_22-08-2021 08-30-49_11643_12666.csv	9 days 19:41:12	235.68666666666667	14141.2
53	3.548	12.019	47.855	0.001	5.818	0.991	1.222	25.141	4.573	7.133	22.386	3.188	1.698	1.338	4.568	2.52	4.032	2.523	1.85	84.108	0.0	1.375	0.5	5.726	1.932	0.0	1.318	1.536	2.287	3.691	6.834	2.598	6.575	7.355	3.164	0.779	1.846	1.53	3.178	0.0	1.178	0.0001158	0.0	1.711	0.033	1.98	5.753	1.398	2.701	0.056	0.615	1.979	1.996	2.26	1.645	2.939	0.001	1.724	6.733	17.806	6.833	2.737	4.344	1.253	1.192	9.424	4.299	3.143	0.869	2.098	1.631	10.779	1.915	2.698	0.003	1.274	7.214	4.6299999999999994e-05	6.764	0.0	2.046	95.666	2.649	1.22	0.793	6.166	3.454	1.88	0.002	2.001	1.935	6.572	1.608	3.96	0.0	1.841	2021-08-22 12:45:07	c_target_real_22-08-2021 12-45-07_11643_12684.csv	9 days 23:55:30	239.925	14395.5
54	2.105	7.06	22.244	2.9950000000000003e-05	7.696	0.668	1.798	10.872	2.58	5.098	44.798	2.738	1.158	0.9	4.061	2.714	5.759	3.3	4.306	45.03	0.0	0.832	0.872	3.53	1.929	0.0	1.217	2.033	2.916	2.735	5.719	1.669	3.488	4.908	1.129	0.601	1.591	0.991	2.372	0.0	1.029	0.5	0.0	1.108	0.001	1.837	5.616	1.119	1.89	0.004	0.044	1.763	1.855	1.581	1.135	1.661	3.195e-05	1.844	4.35	16.834	3.295	2.114	2.84	0.633	0.843	7.236	2.601	2.584	0.804	1.987	2.068	8.304	1.753	2.79	9.764999999999999e-05	0.143	6.128	0.5	2.837	0.0	1.881	65.945	2.268	1.537	0.917	7.135	2.87	1.434	8.85e-05	1.841	1.789	4.91	1.463	3.094	0.0	1.654	2021-08-22 17:36:27	c_target_real_22-08-2021 17-36-27_11643_12704.csv	10 days 04:46:50	244.78055555555557	14686.833333333334
55	3.368	3.079	24.164	0.5	7.552	1.017	1.941	12.587	3.08	3.806	74.397	2.238	1.536	1.098	3.01	2.105	2.871	3.949	2.858	50.718	0.0	1.53	1.665	2.765	2.297	0.0	1.269	3.111	3.336	4.242	3.448	1.932	3.519	4.24	0.305	0.595	1.612	1.077	2.606	0.0	1.385	0.838	0.0	1.25	3.1450000000000006e-05	1.682	4.944	1.312	2.039	0.000166	0.002	1.687	2.14	1.652	1.305	1.092	0.5	2.729	1.527	9.798	2.841	2.52	4.08	0.593	1.432	5.854	3.48	2.61	0.776	2.961	2.654	8.582	1.907	1.808	0.5	0.008	5.178	1.573	3.788	0.0	1.817	51.999	1.958	1.67	1.183	7.092	2.712	1.224	0.5	2.423	1.352	8.971	1.658	2.729	0.0	1.642	2021-08-22 22:11:11	c_target_real_22-08-2021 22-11-11_11643_12731.csv	10 days 09:21:34	249.35944444444445	14961.566666666668
56	6.447	2.956	26.083	1.034	4.694	1.176	1.382	8.995	4.023	5.035	58.214	2.508	2.196	1.614	3.552	1.88	1.111	4.286	1.808	66.108	0.0	2.054	3.016	2.832	3.835	0.0	0.995	4.036	6.085	6.651	3.413	2.252	3.89	7.685	0.019	0.602	2.555	1.864	2.949	0.0	1.979	0.808	0.0	1.632	0.5	1.555	3.322	1.711	2.407	0.5	8.099999999999999e-05	1.482	2.386	1.789	1.471	0.904	0.879	3.191	0.886	11.303	2.557	2.331	5.815	0.789	2.392	8.91	5.155	3.302	0.756	4.857	3.136	10.794	1.787	1.567	1.219	0.00031120000000000003	6.564	2.251	5.352	0.0	2.127	57.174	2.148	1.624	1.521	7.377	4.148	1.078	0.546	3.295	1.124	9.245	1.92	3.002	0.0	1.13	2021-08-23 02:22:18	c_target_real_23-08-2021 02-22-18_11643_12748.csv	10 days 13:32:41	253.54472222222222	15212.683333333332
57	8.945	3.625	45.788	1.457	3.903	1.653	1.115	11.97	4.315	6.201	45.461	5.095	1.864	1.73	6.207	1.745	1.259	4.831	1.422	142.259	0.0	1.794	3.541	3.786	5.938	0.0	0.972	3.62	8.946	7.017	4.222	2.555	5.281	10.474	0.001	0.556	4.934	2.205	3.904	0.0	1.758	0.593	0.0	1.91	1.476	1.333	2.469	2.477	3.177	0.779	0.5	1.677	4.262	2.093	1.944	1.469	1.555	4.788	1.593	12.657	4.031	3.133	6.822	1.584	3.07	12.947	5.953	3.112	0.722	9.326	2.935	13.084	1.675	2.096	1.361	0.5	8.897	1.727	7.108	0.0	2.817	75.3	2.568	1.543	1.526	8.881	4.931	1.052	0.227	3.6	1.072	9.152	2.214	4.258	0.0	1.003	2021-08-23 06:35:55	c_target_real_23-08-2021 06-35-55_11643_12766.csv	10 days 17:46:18	257.77166666666665	15466.3
58	5.823	4.768	80.157	1.822	3.912	1.87	1.372	20.236	6.221	7.406	45.437	4.986	1.713	1.985	8.284	2.2	2.024	5.232	1.926	237.117	0.0	1.785	2.104	3.881	5.175	0.0	1.138	3.592	10.604	6.694	6.496	2.894	6.252	10.136	4.2550000000000004e-05	0.603	6.791	2.631	5.289	0.0	1.834	0.586	0.0	2.124	0.369	1.659	3.567	3.288	3.644	0.958	0.796	2.235	7.026	3.061	2.293	2.016	1.647	4.693	2.027	14.05	6.906	4.046	7.507	1.582	3.002	12.187	5.688	3.45	0.682	7.634	3.93	14.57	2.199	2.007	1.587	1.371	9.657	0.802	7.207	0.0	2.931	109.357	3.395	1.607	1.516	8.68	6.428	1.694	0.134	2.948	1.614	7.835	2.695	5.176	0.0	1.349	2021-08-23 10:49:52	c_target_real_23-08-2021 10-49-52_11643_12784.csv	10 days 22:00:15	262.00416666666666	15720.25
59	2.886	6.444	95.605	4.676	4.558	1.639	2.282	32.349	6.051	8.655	44.175	4.56	1.742	2.907	6.601	2.906	4.464	5.193	2.55	294.447	0.5	1.811	0.915	5.062	2.464	0.5	1.232	3.371	7.355	5.308	10.714	3.054	6.341	9.282	0.5	0.625	4.994	2.666	6.735	0.5	2.242	0.94	0.5	2.077	0.154	1.79	5.781	3.466	4.005	0.904	0.795	2.662	5.037	4.268	2.297	3.063	1.979	4.426	4.011	23.116	6.75	4.687	7.815	1.828	2.022	11.077	4.229	3.618	0.716	3.594	4.995	13.668	4.175	3.227	2.318	1.788	8.477	0.693	5.992	0.5	2.469	113.068	2.844	1.762	1.876	8.841	12.048	1.733	0.034	2.519	2.439	6.57	3.004	5.068	0.5	1.887	2021-08-23 15:04:38	c_target_real_23-08-2021 15-04-38_11643_12802.csv	11 days 02:15:01	266.2502777777778	15975.016666666666
60	2.831	10.333	59.114	5.618	5.281	1.22	2.352	33.991	5.515	8.693	44.589	5.887	1.567	1.761	4.227	3.573	8.727	4.365	2.291	275.193	0.35	1.559	0.041	6.144	0.251	0.35	1.352	3.951	5.612	2.976	9.595	2.663	5.549	7.244	1.25	0.025	2.148	1.761	3.727	0.35	2.081	0.035	0.35	2.011	0.98	2.041	8.215	2.705	4.1	0.029	0.031	1.872	3.526	3.238	1.558	4.211	1.61	4.78	5.881	59.6	6.381	4.285	6.262	2.212	1.493	11.957	4.771	3.581	0.025	2.724	4.193	14.234	7.228	3.792	2.807	1.282	6.894	1.008	5.447	0.35	1.872	111.475	2.396	2.0	2.246	8.804	17.018	2.256	0.98	2.254	2.573	7.054	2.874	4.659	0.35	2.871	2021-08-23 20:49:41	c_target_real_23-08-2021 20-49-41_11643_12823.csv	11 days 08:00:04	272.00111111111113	16320.066666666668
61	3.49	14.314	45.121	1.338	7.918	1.576	1.721	37.904	7.66	9.793	55.963	5.507	2.066	1.722	2.907	2.126	4.172	3.995	1.752	305.935	0.245	1.666	0.98	4.746	0.98	0.245	1.147	4.606	6.403	3.476	8.562	2.823	4.629	9.115	2.717	0.98	1.984	1.313	4.182	0.245	1.942	0.98	0.245	2.057	0.058	1.975	9.459	3.026	5.047	0.98	0.98	2.331	2.468	2.208	1.261	4.289	1.61	4.934	7.55	79.154	6.013	3.784	5.803	2.048	1.837	13.548	4.027	3.169	0.98	3.994	2.344	13.287	3.315	3.474	2.783	0.169	8.086	1.704	7.835	0.245	1.835	104.561	3.225	1.794	2.324	5.464	12.304	1.924	0.092	2.792	2.348	8.029	2.252	3.924	0.245	2.843	2021-08-24 01:01:10	c_target_real_24-08-2021 01-01-10_11643_12849.csv	11 days 12:11:33	276.1925	16571.55
62	8.079	8.892	34.763	1.362	8.878	1.884	1.394	29.985	9.41	12.533	50.099	5.918	1.698	1.287	3.812	1.238	0.834	4.172	1.612	311.52	0.171	1.735	1.804	3.739	1.41	0.171	1.095	4.27	8.123	5.799	8.31	3.292	4.885	12.163	3.258	1.246	3.306	1.516	5.506	0.171	1.892	1.278	0.171	2.41	0.98	1.796	10.052	4.04	7.118	1.955	1.093	1.863	1.658	2.113	1.232	3.201	2.367	4.788	4.859	30.426	9.724	3.454	6.955	1.56	2.703	12.099	5.323	3.081	1.223	7.239	1.95	16.761	1.275	3.446	4.099	0.98	8.0	2.886	11.269	0.171	2.061	121.95	4.86	1.752	1.834	6.879	11.323	1.445	0.03	3.717	1.515	7.758	1.842	4.308	0.171	1.849	2021-08-24 05:15:27	c_target_real_24-08-2021 05-15-27_11643_12867.csv	11 days 16:25:50	280.43055555555554	16825.833333333332
63	16.202	3.797	55.383	1.792	6.596	1.898	1.108	19.698	8.751	10.871	45.495	4.499	1.642	1.209	4.275	2.015	0.049	4.751	2.338	234.276	0.12	1.542	2.252	3.655	1.429	0.12	1.211	4.865	10.074	3.775	7.982	2.907	4.986	10.191	2.912	1.497	5.667	1.522	6.638	0.12	1.985	0.206	0.12	2.369	0.122	1.635	13.61	4.541	7.846	1.505	0.104	1.882	2.303	2.254	1.271	2.144	2.357	7.329	1.034	19.016	11.075	3.919	8.612	1.608	3.857	12.755	6.27	2.789	0.122	8.438	1.947	16.211	0.209	3.35	3.448	1.246	7.902	2.591	12.437	0.12	2.142	126.918	4.93	1.706	1.239	5.983	12.494	1.108	0.98	3.755	1.181	8.185	1.928	4.288	0.12	1.823	2021-08-24 09:32:06	c_target_real_24-08-2021 09-32-06_11643_12885.csv	11 days 20:42:29	284.7080555555556	17082.483333333334
64	11.306	3.161	107.766	4.416	6.814	1.676	1.802	17.895	9.219	8.301	47.96	3.12	1.606	2.064	5.889	2.452	0.98	4.527	2.801	223.668	0.084	1.21	2.447	4.582	3.075	0.084	1.467	4.634	16.683	6.217	11.14	3.634	5.673	9.455	2.139	1.467	6.467	1.765	5.478	0.084	2.889	0.98	0.084	2.84	0.98	1.649	25.606	6.035	5.289	0.171	0.98	3.312	4.979	2.978	1.971	2.408	1.89	8.134	0.075	13.311	7.756	3.315	6.778	1.639	4.396	15.343	6.294	3.302	0.98	5.386	2.628	17.054	0.98	3.156	1.815	0.093	9.668	1.37	8.889	0.084	2.251	153.96	4.175	1.87	0.105	6.99	11.795	1.59	0.148	3.456	1.566	6.83	2.653	5.151	0.084	3.886	2021-08-24 13:46:56	c_target_real_24-08-2021 13-46-56_11643_12903.csv	12 days 00:57:19	288.9552777777778	17337.316666666666
65	3.848	3.773	102.452	5.729	6.041	1.167	1.78	14.942	5.93	5.945	85.158	2.927	1.272	1.758	5.032	2.406	2.354	3.812	2.096	285.04	0.059	1.054	2.998	5.381	2.607	0.059	2.529	2.828	8.293	9.635	12.977	3.056	3.623	11.501	0.212	0.161	4.247	1.577	3.637	0.059	2.559	0.039	0.059	2.504	0.054	1.273	40.341	6.753	3.098	0.98	0.04	2.366	5.75	1.83	1.676	2.174	1.483	8.387	0.98	8.081	6.782	2.679	8.238	1.831	3.6	11.674	5.808	2.804	1.15	3.388	3.709	19.84	2.759	2.212	0.605	0.98	8.88	0.085	6.935	0.059	2.405	176.194	4.383	2.581	0.98	8.056	8.987	1.981	0.035	2.978	2.741	5.684	3.279	5.607	0.059	7.568	2021-08-24 18:55:20	c_target_real_24-08-2021 18-55-20_11643_12922.csv	12 days 06:05:43	294.09527777777777	17645.716666666667
66	2.083	4.11	69.467	6.302	5.098	0.067	2.321	18.611	6.143	6.977	116.765	2.943	1.573	1.971	5.026	3.603	4.204	3.705	1.918	325.883	0.041	1.578	3.453	6.93	2.65	0.041	2.432	4.065	8.623	13.703	13.796	3.25	3.618	16.334	0.98	0.98	3.152	1.524	2.471	0.041	2.438	0.98	0.041	1.849	0.98	1.301	56.052	5.221	3.436	1.289	0.98	3.305	6.467	2.374	1.759	3.597	1.571	8.033	1.424	11.889	7.324	3.324	11.231	1.942	3.153	13.297	7.131	3.134	1.197	3.959	5.869	19.133	3.562	2.384	0.03	1.111	9.875	0.98	6.262	0.041	2.412	145.164	5.691	3.28	1.223	6.832	8.862	1.984	0.98	2.813	4.404	6.964	3.431	4.997	0.041	11.856	2021-08-24 23:08:33	c_target_real_24-08-2021 23-08-33_11643_12942.csv	12 days 10:18:56	298.31555555555553	17898.933333333334
67	1.941	4.209	68.199	11.981	4.376	0.98	3.088	25.422	8.457	11.455	246.694	2.972	1.18	2.345	5.149	3.417	5.257	4.911	1.583	308.783	0.029	2.457	4.176	7.096	3.117	0.029	1.75	5.864	8.219	13.978	16.011	3.006	3.502	22.43	1.198	0.075	3.557	2.277	3.953	0.029	2.803	1.142	0.029	1.891	1.711	1.292	61.081	3.898	3.256	1.353	0.047	5.063	5.073	2.544	2.021	3.459	2.248	6.584	3.338	23.347	10.013	5.224	16.16	1.693	2.786	12.822	9.565	3.089	1.402	6.297	6.974	17.014	3.641	2.646	0.98	1.547	10.881	2.153	6.817	0.029	3.122	133.961	7.257	3.265	1.575	9.03	9.299	3.058	0.101	3.164	5.984	8.873	3.362	5.434	0.029	12.751	2021-08-25 03:18:44	c_target_real_25-08-2021 03-18-44_11643_12968.csv	12 days 14:29:07	302.48527777777775	18149.116666666665
68	2.233	5.001	88.626	26.584	9.07	2.367	3.877	34.507	10.636	18.313	304.936	3.474	1.097	3.378	7.483	3.234	5.913	5.51	1.422	425.48	0.02	2.669	3.357	8.069	3.838	0.02	2.228	8.015	7.916	9.948	12.585	5.135	4.672	20.605	2.485	0.98	5.023	3.367	3.636	0.02	3.501	0.102	0.02	1.94	0.658	2.349	36.31	3.661	2.953	1.228	0.98	5.3	4.182	2.406	1.882	2.809	3.008	5.716	4.478	59.568	12.673	6.268	18.84	2.552	2.639	11.598	11.311	3.748	1.607	7.303	12.669	18.726	3.384	3.063	1.885	1.835	12.139	4.438	8.284	0.02	3.658	153.259	7.189	2.39	1.692	9.057	9.481	4.492	0.02	3.895	4.478	9.957	3.025	6.972	0.02	7.822	2021-08-25 07:32:49	c_target_real_25-08-2021 07-32-49_11643_12986.csv	12 days 18:43:12	306.72	18403.2
69	4.418	7.718	84.466	16.325	8.236	3.051	3.595	52.67	18.135	19.605	167.929	4.104	1.322	4.674	6.027	3.91	6.019	5.973	1.774	546.777	0.014	3.035	2.768	10.255	5.727	0.014	1.789	6.733	8.604	7.191	11.354	5.469	3.849	12.53	3.896	1.404	4.515	3.002	4.928	0.014	4.036	0.98	0.014	2.216	0.212	3.681	25.417	4.376	3.292	1.656	1.402	4.575	5.677	2.794	1.766	4.598	3.363	7.107	6.533	141.522	8.634	4.526	15.734	3.672	2.915	9.708	10.211	3.259	1.541	5.662	19.212	23.321	3.115	3.814	3.406	1.302	12.647	4.447	6.308	0.014	2.922	175.73	4.731	0.703	1.844	9.453	10.927	3.714	0.98	4.829	1.947	8.831	3.075	9.252	0.014	3.401	2021-08-25 11:53:48	c_target_real_25-08-2021 11-53-48_11643_13003.csv	12 days 23:04:11	311.0697222222222	18664.183333333334
70	7.18	10.834	113.305	5.102	9.842	2.865	2.359	61.628	22.788	12.972	112.406	4.43	1.935	2.61	4.429	5.209	4.1	4.945	1.892	522.53	0.01	3.379	3.997	11.693	8.784	0.01	2.16	5.97	13.147	7.755	8.61	4.424	5.476	7.956	6.199	1.225	3.357	2.328	7.16	0.01	3.792	1.341	0.01	3.435	0.98	4.876	8.764	5.569	3.325	1.677	1.123	2.186	4.709	3.055	2.154	4.063	2.643	9.173	9.557	240.991	8.071	3.24	9.992	3.156	2.633	9.681	8.307	3.831	1.635	4.577	26.638	26.068	3.068	3.315	4.412	0.051	12.159	0.754	5.476	0.01	1.974	279.626	3.011	0.033	1.445	8.404	10.7	1.943	0.07	3.381	0.193	9.73	2.746	10.783	0.01	2.394	2021-08-25 17:09:29	c_target_real_25-08-2021 17-09-29_11643_13022.csv	13 days 04:19:52	316.3311111111111	18979.866666666665
71	7.359	12.107	161.382	1.759	11.75	2.974	2.253	68.711	31.146	11.645	122.228	5.894	1.89	2.113	6.55	8.77	3.524	5.051	2.458	703.741	0.007	3.311	5.381	11.514	13.072	0.007	2.866	6.322	18.859	9.536	9.562	3.908	6.32	8.649	6.991	0.146	3.079	2.315	10.878	0.007	3.393	1.515	0.007	5.518	0.058	4.845	15.325	6.933	4.912	1.574	0.077	2.758	6.343	4.326	2.556	4.836	1.747	8.664	5.84	74.236	7.813	3.953	10.554	3.573	4.794	8.999	9.468	3.735	1.637	4.547	17.468	25.288	4.022	3.48	4.304	0.98	16.465	0.126	5.692	0.007	2.435	477.691	2.697	0.98	1.92	6.522	10.75	1.391	0.98	2.816	0.98	12.173	3.083	8.137	0.007	4.208	2021-08-25 21:26:16	c_target_real_25-08-2021 21-26-16_11643_13041.csv	13 days 08:36:39	320.61083333333335	19236.65
72	9.081	11.703	156.809	2.126	13.327	2.893	2.317	51.641	34.303	11.794	142.191	7.197	2.148	1.462	10.748	14.704	6.104	6.267	2.292	743.203	0.005	4.105	6.148	10.579	16.102	0.005	4.244	6.326	19.849	15.585	12.383	4.004	7.124	10.447	4.436	0.98	4.101	2.216	9.86	0.005	3.365	1.573	0.005	5.615	0.98	4.585	34.352	7.903	4.961	1.488	0.98	4.205	6.754	5.433	3.115	4.197	1.688	8.651	2.751	35.35	10.577	4.523	10.121	5.152	5.555	9.255	9.143	4.55	1.814	5.673	12.228	24.637	6.668	4.551	3.74	1.607	20.015	0.98	6.487	0.005	2.954	793.48	3.963	3.812	2.276	8.243	13.206	1.886	0.088	3.282	2.489	16.467	3.97	6.417	0.005	8.389	2021-08-26 01:40:29	c_target_real_26-08-2021 01-40-29_11643_13060.csv	13 days 12:50:52	324.84777777777776	19490.866666666665
73	8.806	10.681	114.058	2.291	9.488	2.116	3.808	27.969	41.272	14.646	164.244	6.92	2.372	0.087	12.253	12.772	9.693	6.956	2.698	579.465	0.004	4.183	5.507	9.2	6.443	0.004	3.667	7.235	13.433	20.799	17.313	3.601	10.883	20.685	1.774	2.019	3.96	3.177	10.875	0.004	3.18	0.109	0.004	5.684	1.159	3.512	74.567	7.794	6.557	1.195	1.349	3.014	9.262	5.007	2.882	4.31	1.848	7.798	2.419	11.672	12.251	5.834	13.74	6.344	5.071	16.12	12.28	4.756	1.985	10.74	8.845	26.435	7.755	5.339	2.074	2.317	16.585	1.864	6.526	0.004	2.685	715.6	5.742	9.161	2.081	8.176	14.653	2.598	0.98	3.443	5.19	14.874	4.15	6.083	0.004	9.548	2021-08-26 05:50:16	c_target_real_26-08-2021 05-50-16_11643_13086.csv	13 days 17:00:39	329.0108333333333	19740.65
74	5.482	9.29	81.776	2.813	8.095	1.943	2.901	22.7	28.95	11.901	185.402	7.469	2.493	0.98	9.097	4.73	5.61	6.157	1.725	645.629	0.003	3.246	5.542	12.424	4.51	0.003	2.158	5.377	8.345	14.311	13.269	4.166	7.387	30.254	0.682	1.303	8.002	3.182	10.402	0.003	2.877	0.98	0.003	5.68	0.155	3.354	128.279	7.483	6.318	0.082	0.073	2.655	7.924	3.783	1.863	3.905	2.531	7.149	3.786	19.193	14.426	7.885	17.821	5.428	4.188	23.454	13.401	6.62	1.905	15.8	10.61	24.133	6.56	4.421	1.293	2.21	10.762	3.472	9.576	0.003	3.89	291.863	6.529	7.685	2.491	9.127	11.975	2.84	1.201	3.954	10.102	13.45	3.326	6.896	0.003	8.962	2021-08-26 10:04:51	c_target_real_26-08-2021 10-04-51_11643_13104.csv	13 days 21:15:14	333.25388888888887	19995.233333333334
75	5.22	9.365	65.083	4.111	7.761	1.802	1.998	38.51	35.246	13.723	234.396	8.905	2.448	1.352	6.872	2.225	2.75	5.4	1.137	780.253	0.002	3.563	5.005	14.668	0.94	0.002	1.781	6.202	7.032	8.785	15.44	5.758	8.652	37.361	0.044	0.117	8.054	3.522	5.899	0.002	2.75	1.431	0.002	5.087	0.98	2.893	107.536	6.802	4.782	0.98	0.98	2.483	4.297	2.374	1.341	3.406	3.407	8.528	4.802	37.421	21.222	7.474	20.305	2.587	3.371	21.744	10.02	5.957	1.903	12.867	25.164	24.795	3.515	4.913	1.837	1.295	9.95	5.298	14.032	0.002	4.661	108.097	6.014	1.971	2.303	9.683	13.791	3.331	0.113	4.59	16.875	12.961	2.996	9.95	0.002	6.213	2021-08-26 14:26:07	c_target_real_26-08-2021 14-26-07_11643_13121.csv	14 days 01:36:30	337.60833333333335	20256.5
76	4.969	7.866	89.928	3.946	7.406	2.168	1.739	56.603	34.909	14.719	261.819	10.215	0.175	1.5	5.841	3.06	4.662	5.167	1.753	909.443	0.001	4.502	5.916	16.232	1.5	0.001	1.5	4.551	3.01	5.919	11.217	6.277	9.309	23.757	1.5	1.5	8.917	3.549	2.854	0.001	4.616	0.064	0.001	5.033	1.5	3.382	58.734	5.96	3.895	1.62	1.579	2.277	0.877	3.596	1.5	3.372	3.94	10.586	6.958	186.257	17.533	7.25	18.023	0.171	4.003	22.434	9.677	3.733	1.998	5.86	44.491	25.323	2.617	4.97	2.671	0.106	13.957	3.173	14.711	0.001	5.164	102.637	5.234	3.145	1.733	9.472	15.011	3.289	1.5	4.287	18.457	19.772	3.25	10.647	0.001	5.463	2021-08-26 19:41:10	c_target_real_26-08-2021 19-41-10_11643_13140.csv	14 days 06:51:33	342.8591666666667	20571.55
77	8.675	12.863	130.408	4.823	10.372	3.745	2.337	76.022	28.574	8.933	249.605	8.992	1.5	2.159	4.218	3.896	7.745	6.238	2.944	777.889	0.001	2.559	5.325	12.109	3.899	0.001	1.824	4.248	5.001	9.054	13.585	5.86	7.453	19.873	1.804	1.949	13.793	5.054	4.091	0.001	7.73	1.5	0.001	4.861	0.081	2.682	41.114	7.271	4.673	0.085	0.086	3.761	1.5	5.795	2.274	4.481	3.692	9.208	9.161	338.666	15.036	8.702	16.319	1.5	4.975	20.049	10.01	3.075	1.796	3.446	57.392	24.843	3.461	5.276	4.393	1.5	16.506	0.814	12.722	0.001	6.188	344.109	4.742	11.353	1.71	7.298	21.591	2.907	0.259	4.127	13.526	25.161	3.976	7.844	0.001	8.145	2021-08-26 23:57:37	c_target_real_26-08-2021 23-57-37_11643_13158.csv	14 days 11:08:00	347.1333333333333	20828.0
78	10.216	10.138	155.509	5.456	7.773	2.99	2.701	95.33	21.585	6.689	274.549	11.473	1.5	1.977	4.473	3.165	4.472	5.817	2.291	648.839	0.001	0.098	4.501	8.751	7.72	0.001	0.075	3.784	8.183	12.348	14.081	5.059	6.136	20.106	2.399	0.193	15.078	4.556	3.565	0.001	7.264	1.695	0.001	4.241	1.5	2.897	17.939	9.856	5.844	1.5	1.5	5.234	2.911	4.535	2.633	4.049	3.763	10.497	10.261	135.466	11.72	11.225	15.339	3.689	5.057	22.157	8.091	3.002	1.812	5.209	86.737	28.917	5.604	5.188	4.799	2.485	24.276	0.083	8.277	0.001	5.146	840.424	5.125	35.107	2.119	9.247	27.87	2.829	0.092	4.013	13.391	31.101	4.569	6.511	0.001	10.994	2021-08-27 04:11:14	c_target_real_27-08-2021 04-11-14_11643_13177.csv	14 days 15:21:37	351.36027777777775	21081.616666666665
79	10.311	14.977	180.681	6.38	13.162	7.447	3.924	103.454	43.864	10.053	224.88	13.716	0.11	3.177	9.088	3.165	3.772	6.596	3.317	652.975	0.001	1.5	5.665	8.508	12.811	0.001	1.5	3.889	16.576	12.549	17.687	4.549	8.603	18.324	5.154	1.5	15.757	4.703	5.624	0.001	4.298	1.889	0.001	5.81	1.5	2.699	25.456	13.843	7.697	1.625	2.294	7.745	5.25	4.568	2.928	5.194	3.847	10.119	9.481	43.699	13.195	12.994	15.207	5.604	6.149	26.43	11.128	5.11	1.993	7.88	154.461	35.701	6.283	5.005	4.671	4.023	25.602	1.5	8.957	0.001	3.71	1358.643	5.404	71.321	1.774	9.758	36.065	2.629	1.5	3.716	15.357	33.911	6.655	6.471	0.001	13.114	2021-08-27 08:27:14	c_target_real_27-08-2021 08-27-14_11643_13203.csv	14 days 19:37:37	355.62694444444446	21337.616666666665
80	10.561	26.854	126.722	12.332	26.226	5.732	3.454	78.882	34.229	11.059	186.196	15.431	1.5	1.95	3.816	3.17	2.934	5.748	4.69	895.834	0.001	1.968	5.282	10.091	19.12	0.001	4.302	3.815	16.031	14.909	21.754	4.779	9.079	12.559	4.778	0.15	9.772	2.414	9.002	0.001	2.567	1.666	0.001	5.886	0.517	2.53	39.528	14.128	3.679	1.626	0.165	4.624	5.577	4.61	2.021	5.969	3.524	12.18	5.566	29.133	17.8	9.389	16.144	4.835	5.703	22.141	6.599	4.699	2.077	7.993	128.612	33.11	7.253	4.871	3.58	2.202	14.891	3.291	9.407	0.001	2.615	795.657	3.887	86.618	2.006	10.893	28.841	2.0	0.231	3.908	13.835	25.856	5.747	6.756	0.001	17.361	2021-08-27 12:48:03	c_target_real_27-08-2021 12-48-03_11643_13222.csv	14 days 23:58:26	359.9738888888889	21598.433333333334
81	6.679	19.505	62.2	15.627	26.3	4.908	3.409	62.806	36.257	13.808	222.254	20.008	2.074	1.835	3.84	5.752	2.539	6.576	4.054	1103.605	0.001	6.044	7.136	14.681	15.213	0.001	5.203	6.451	10.759	10.008	16.652	6.951	8.54	14.86	3.92	1.5	10.742	0.105	11.259	0.001	1.903	0.099	0.001	4.749	0.063	3.287	58.11	13.27	2.293	2.088	1.5	5.276	6.684	2.772	2.176	4.056	4.559	11.547	3.042	22.093	23.081	7.111	23.23	3.729	4.677	18.421	7.021	6.623	2.158	13.23	90.028	36.705	5.57	6.595	3.991	0.144	11.895	6.227	10.406	0.001	3.037	556.96	4.344	43.309	1.996	10.562	45.46	1.959	1.5	5.077	11.272	18.893	8.27	11.478	0.001	15.581	2021-08-27 18:18:15	c_target_real_27-08-2021 18-18-15_11643_13240.csv	15 days 05:28:38	365.4772222222222	21928.633333333335
82	6.105	7.747	83.797	15.122	16.692	6.579	2.754	91.293	60.344	16.153	275.041	21.397	2.859	2.586	7.848	8.124	4.224	7.927	3.436	1159.049	0.001	8.536	12.233	17.473	13.429	0.001	4.235	8.339	11.262	11.012	18.998	9.464	7.709	17.564	3.759	1.654	16.282	1.5	12.872	0.001	3.232	1.5	0.001	4.454	1.5	4.32	81.042	12.935	2.326	2.494	1.855	8.171	8.155	3.066	2.095	5.062	6.878	9.798	2.898	48.454	26.253	6.456	30.006	2.998	4.902	18.633	9.365	8.463	1.988	16.896	63.02	40.724	5.047	10.756	5.993	1.5	14.123	5.499	12.519	0.001	6.378	389.872	7.221	30.316	2.887	8.07	55.383	2.465	0.283	5.937	11.524	23.251	10.288	15.915	0.001	8.67	2021-08-27 22:30:10	c_target_real_27-08-2021 22-30-10_11643_13258.csv	15 days 09:40:33	369.67583333333334	22180.55
83	10.62	4.625	71.719	7.194	6.955	7.539	3.414	137.053	135.159	24.421	328.405	27.738	3.18	3.528	20.736	12.836	5.984	10.334	5.574	1183.49	0.001	14.008	24.555	18.242	21.951	0.001	4.696	11.495	21.814	11.273	23.717	12.571	10.448	34.856	3.886	0.139	29.964	1.963	23.559	0.001	5.046	2.155	0.001	7.67	2.003	6.436	90.742	20.757	4.118	2.758	1.819	18.275	12.234	5.24	3.359	6.556	11.219	12.373	3.673	99.897	27.536	10.217	40.29	3.305	7.613	30.213	17.522	11.443	1.686	13.672	44.114	54.987	7.864	14.707	11.268	1.771	23.875	3.102	18.021	0.001	10.988	215.972	11.839	21.221	2.589	9.369	77.535	2.946	0.109	5.281	19.297	34.202	6.967	11.855	0.001	3.988	2021-08-28 02:43:06	c_target_real_28-08-2021 02-43-06_11643_13276.csv	15 days 13:53:29	373.8913888888889	22433.483333333334
84	20.787	8.431	202.625	3.959	6.656	6.399	4.842	132.44	191.879	24.565	318.61	25.362	3.514	3.953	28.0	11.078	9.64	10.396	4.579	1319.108	0.001	15.879	34.706	17.343	40.093	0.001	5.614	11.534	31.95	15.256	23.894	11.181	12.536	46.087	3.888	1.5	34.993	3.168	30.431	0.001	7.624	1.735	0.001	11.657	0.213	6.438	113.374	30.561	9.062	3.226	1.985	28.442	13.354	7.55	4.381	7.439	16.302	12.859	7.301	274.442	19.296	15.109	40.528	4.688	10.246	46.681	24.579	7.675	1.758	6.53	48.979	83.457	11.336	8.046	15.573	3.384	41.554	2.164	18.333	0.001	9.662	377.792	15.111	20.648	3.128	10.09	107.124	3.974	1.5	6.463	23.153	35.972	1.991	10.395	0.001	4.482	2021-08-28 06:57:02	c_target_real_28-08-2021 06-57-02_11643_13295.csv	15 days 18:07:25	378.12361111111113	22687.416666666668
85	22.77	14.069	333.42	3.886	9.569	5.227	5.585	110.654	71.771	20.741	288.097	21.52	3.411	5.711	15.691	6.088	8.382	8.576	3.997	1436.874	0.001	13.625	26.888	16.966	56.892	0.001	5.867	8.032	30.761	20.827	20.917	6.331	12.771	40.66	4.54	1.883	19.625	4.682	22.385	0.001	7.05	0.159	0.001	9.998	1.5	3.967	120.036	42.886	10.925	2.581	1.981	17.947	12.721	7.116	4.301	7.123	18.046	12.456	14.784	503.589	9.759	18.198	30.501	7.094	11.401	41.1	13.451	3.655	2.111	4.85	94.675	139.77	11.538	2.117	13.101	4.247	50.127	2.227	14.667	0.001	5.659	738.698	14.888	37.952	4.185	12.105	117.246	4.258	0.263	7.923	22.178	30.435	0.191	13.152	0.001	8.05	2021-08-28 11:12:57	c_target_real_28-08-2021 11-12-57_11643_13321.csv	15 days 22:23:20	382.3888888888889	22943.333333333332
86	13.037	28.132	279.485	8.802	21.121	4.547	6.501	94.25	28.708	19.679	258.222	17.751	0.578	7.349	10.984	4.981	5.032	8.611	3.464	1420.745	0.001	11.832	11.333	18.021	48.917	0.001	4.853	5.503	20.729	23.425	20.183	3.023	9.809	22.168	6.445	2.352	9.134	7.821	16.849	0.001	5.094	1.5	0.001	4.108	0.132	0.844	108.413	36.892	8.516	2.236	0.164	10.457	14.894	5.154	3.756	4.982	15.473	10.454	19.798	208.73	7.412	15.362	21.055	7.804	10.423	16.44	7.904	3.168	2.246	6.343	166.326	122.519	7.608	1.702	7.706	4.683	48.183	3.592	12.354	0.001	4.575	1208.639	11.169	63.66	4.585	12.297	103.646	4.008	1.5	8.86	19.956	25.261	1.5	16.463	0.001	10.37	2021-08-28 15:31:56	c_target_real_28-08-2021 15-31-56_11643_13339.csv	16 days 02:42:19	386.7052777777778	23202.316666666666
87	6.321	29.67	137.914	21.199	32.321	4.968	6.532	88.795	30.466	21.086	288.902	17.392	1.5	10.753	6.102	4.673	5.336	14.851	4.451	1383.477	0.001	13.916	9.249	18.574	23.194	0.001	4.419	5.491	15.924	19.481	24.747	3.467	9.999	22.501	9.457	4.014	13.016	8.384	6.994	0.001	4.555	1.743	0.001	3.67	1.5	1.5	92.225	17.754	6.909	1.831	1.5	8.044	23.509	3.337	3.774	8.609	13.841	11.884	14.755	128.138	11.538	10.622	20.914	6.719	9.246	7.361	13.155	7.778	2.671	8.673	221.529	76.574	6.042	1.5	5.394	2.99	41.339	4.7	15.157	0.001	5.731	1148.494	8.908	92.606	3.48	12.402	91.352	4.57	0.089	9.59	19.031	31.314	2.875	16.635	0.001	13.879	2021-08-28 20:53:37	c_target_real_28-08-2021 20-53-37_11643_13358.csv	16 days 08:04:00	392.06666666666666	23524.0
88	5.808	9.89	83.963	17.852	29.075	5.766	3.902	110.584	41.164	14.976	273.88	16.092	0.061	7.596	6.52	4.553	4.663	15.737	3.054	1493.454	0.001	7.83	10.287	18.393	18.446	0.001	2.624	5.067	14.894	15.355	19.852	4.571	8.488	23.427	8.002	3.507	28.251	3.638	8.002	0.001	4.199	0.118	0.001	4.263	0.094	1.838	72.973	14.123	6.019	1.859	1.661	6.434	28.01	2.514	2.881	5.762	12.354	9.376	5.27	67.441	20.092	9.064	25.838	5.021	7.076	9.203	18.314	14.641	2.458	12.107	224.134	36.464	7.278	3.191	3.776	0.695	26.898	5.68	16.048	0.001	6.176	598.421	9.227	104.668	3.547	9.578	73.668	4.3	1.5	7.375	31.878	35.766	4.514	11.625	0.001	15.479	2021-08-29 01:10:39	c_target_real_29-08-2021 01-10-39_11643_13376.csv	16 days 12:21:02	396.35055555555556	23781.033333333333
89	5.796	4.43	120.197	12.504	15.392	7.516	3.082	92.643	71.355	15.92	278.324	19.772	1.5	2.234	7.826	5.215	2.635	15.547	2.313	1249.42	0.001	6.939	16.065	20.473	16.078	0.001	2.675	3.221	8.944	13.707	16.409	4.324	6.856	28.559	6.124	3.233	40.415	0.866	7.644	0.001	5.711	1.5	0.001	5.408	1.5	2.824	67.43	16.361	3.803	0.087	0.087	7.023	26.05	3.918	2.897	4.955	13.076	10.157	1.226	42.266	18.149	7.862	23.456	4.862	5.467	15.346	25.628	28.998	2.027	12.974	141.491	44.398	6.15	2.71	1.349	1.5	23.285	5.387	17.94	0.001	8.125	199.479	8.299	71.123	3.379	11.18	53.771	3.721	0.109	4.517	65.621	36.514	6.556	8.697	0.001	16.492	2021-08-29 05:25:54	c_target_real_29-08-2021 05-25-54_11643_13394.csv	16 days 16:36:17	400.6047222222222	24036.283333333333
90	9.513	4.509	152.885	9.568	8.731	6.841	3.052	86.847	136.116	17.353	339.582	24.769	2.563	0.971	6.921	8.79	3.395	14.307	2.109	1483.834	0.001	6.598	25.044	19.279	21.918	0.001	2.499	4.452	9.655	14.541	17.637	9.666	10.548	34.929	4.727	0.674	38.954	1.5	11.306	0.001	6.728	2.126	0.001	6.618	2.256	3.292	95.118	26.954	4.978	1.5	1.5	7.257	24.278	7.623	3.172	5.768	14.248	11.567	0.079	52.827	26.305	9.848	18.569	5.467	6.971	29.42	28.343	40.752	1.718	14.003	103.11	42.786	5.916	4.043	0.078	1.893	27.132	3.452	18.865	0.001	12.336	172.246	8.798	41.073	3.106	10.986	63.279	3.856	1.5	3.41	109.129	35.084	7.242	8.189	0.001	14.873	2021-08-29 09:41:21	c_target_real_29-08-2021 09-41-21_11643_13413.csv	16 days 20:51:44	404.8622222222222	24291.733333333334
91	13.089	6.885	231.502	17.529	9.472	5.048	6.485	118.846	157.078	24.35	339.188	29.632	2.587	1.5	11.382	16.663	6.193	18.031	3.543	1431.814	0.001	12.226	25.452	19.748	28.625	0.001	3.835	6.139	12.173	16.911	29.858	10.18	15.692	32.696	4.18	1.5	22.241	2.056	15.77	0.001	7.336	2.499	0.001	5.991	3.011	3.793	146.628	37.124	4.814	2.579	1.94	14.202	15.825	12.88	3.869	5.841	16.32	16.024	1.5	113.627	30.141	9.635	19.905	6.443	9.511	33.435	23.752	23.938	1.707	13.719	88.37	68.842	8.346	5.796	1.5	2.623	34.206	2.26	14.201	0.001	13.23	299.899	9.411	26.613	3.433	10.905	86.086	5.045	0.102	4.664	144.893	27.361	10.386	10.725	0.001	15.702	2021-08-29 15:35:18	c_target_real_29-08-2021 15-35-18_11643_13440.csv	17 days 02:45:41	410.7613888888889	24645.683333333334
92	16.082	10.738	250.205	32.29	13.971	6.003	6.333	108.816	174.297	34.839	320.451	23.428	2.034	1.972	18.675	17.609	9.935	22.828	5.209	1495.738	0.001	11.246	26.843	23.856	52.159	0.001	6.923	6.804	16.738	27.756	46.956	9.421	18.176	43.53	6.513	2.423	22.313	3.806	24.594	0.001	8.676	2.188	0.001	5.709	3.613	3.265	189.04	43.649	5.677	3.215	0.155	18.751	13.192	16.983	4.797	6.52	16.8	18.058	2.411	277.218	37.266	13.702	26.668	6.095	10.327	32.453	21.385	16.757	0.166	24.344	126.592	97.145	12.731	7.902	2.482	3.419	36.55	2.26	14.106	0.001	24.588	609.018	14.613	33.149	4.183	7.178	94.431	5.679	1.5	6.358	118.612	32.095	10.695	17.034	0.001	22.26	2021-08-29 19:49:44	c_target_real_29-08-2021 19-49-44_11643_13458.csv	17 days 07:00:07	415.00194444444446	24900.116666666665
93	31.08	11.725	237.328	46.398	15.744	5.851	7.648	86.498	225.134	39.069	380.578	24.498	2.363	2.227	28.82	15.513	11.956	26.889	4.32	1482.847	0.001	15.453	27.382	24.112	122.646	0.001	11.581	7.1	16.714	39.234	48.355	12.156	14.236	42.05	9.64	3.155	32.104	5.082	27.052	0.001	7.944	2.381	0.001	5.86	0.881	3.576	157.392	42.468	8.694	2.925	1.5	18.55	13.889	30.067	5.258	7.95	20.562	18.555	3.708	425.033	31.596	21.227	29.45	6.076	10.48	29.947	21.752	11.73	1.5	34.789	163.238	105.385	16.007	7.98	4.128	3.436	38.532	3.123	17.134	0.001	42.882	1001.793	18.234	41.02	3.603	10.094	96.73	5.968	0.142	9.385	108.054	40.432	8.347	21.827	0.001	32.949	2021-08-30 00:04:28	c_target_real_30-08-2021 00-04-28_11643_13476.csv	17 days 11:14:51	419.2475	25154.85
94	24.459	10.361	180.671	14.785	28.235	8.641	6.816	92.548	271.705	31.151	334.718	30.528	0.122	2.071	25.977	10.17	5.009	26.744	4.482	1471.977	0.001	16.163	25.358	28.523	111.889	0.001	9.813	10.253	10.265	23.577	40.599	7.996	9.069	48.065	11.736	4.184	38.132	6.956	27.525	0.001	7.349	2.421	0.001	7.591	0.073	3.012	102.824	35.388	9.879	1.732	2.033	13.142	20.759	23.043	7.048	7.305	17.748	22.709	3.708	247.576	21.591	20.676	25.411	4.292	8.856	32.62	24.446	8.148	1.642	28.373	160.766	97.579	15.03	6.09	3.796	2.933	32.457	4.66	13.231	0.001	41.951	1232.466	14.101	46.895	3.636	9.749	100.067	5.305	1.5	11.409	118.087	33.555	5.764	16.732	0.001	35.293	2021-08-30 04:19:05	c_target_real_30-08-2021 04-19-05_11643_13494.csv	17 days 15:29:28	423.49111111111114	25409.466666666667
95	10.743	9.456	176.39	4.107	46.547	7.068	4.986	103.339	438.624	26.264	282.897	38.404	1.5	2.692	21.514	11.024	3.28	27.425	6.569	1466.888	0.001	16.114	23.521	24.407	92.864	0.001	4.422	14.133	14.362	10.365	39.441	4.699	9.662	63.381	11.683	4.939	41.476	8.198	39.547	0.001	7.249	2.713	0.001	11.015	1.5	2.896	65.165	30.018	10.995	0.097	1.829	12.293	25.392	14.912	9.692	10.395	19.266	31.91	6.193	92.5	19.467	18.617	20.243	5.582	6.665	33.791	35.842	13.599	1.722	10.193	183.796	71.756	9.327	7.716	3.787	2.792	29.562	4.823	12.988	0.001	28.795	952.164	9.794	51.735	2.899	10.762	96.508	4.628	0.176	12.548	142.29	31.133	5.524	11.958	0.001	35.352	2021-08-30 08:32:02	c_target_real_30-08-2021 08-32-02_11643_13512.csv	17 days 19:42:25	427.70694444444445	25662.416666666668
96	7.642	9.011	153.34	3.25	54.307	7.663	4.264	112.002	860.661	28.272	255.498	43.189	1.76	2.735	17.658	8.917	2.604	24.882	4.805	1497.747	0.001	15.74	23.005	25.655	34.395	0.001	2.315	12.85	10.997	10.368	25.18	3.458	11.758	105.953	7.649	5.456	37.096	4.853	32.53	0.001	7.997	2.171	0.001	13.379	1.768	3.753	81.349	38.935	10.174	1.5	1.622	13.666	30.157	13.221	6.838	8.423	19.508	35.929	6.958	44.048	13.615	13.986	17.218	4.924	6.271	38.948	29.468	20.334	1.912	5.017	207.989	50.962	6.086	7.108	4.417	2.332	34.347	4.678	13.643	0.001	14.801	473.249	10.26	56.789	2.733	11.615	92.059	5.663	1.5	10.279	122.484	37.247	6.495	11.296	0.001	42.592	2021-08-30 12:47:59	c_target_real_30-08-2021 12-47-59_11643_13531.csv	17 days 23:58:22	431.97277777777776	25918.366666666665
97	20.453	9.011	150.751	12.477	62.96	5.57	7.89	84.191	576.556	27.523	432.975	44.164	1.691	6.583	24.7	17.615	2.604	28.76	9.385	1499.897	0.001	14.566	32.351	27.002	35.126	0.001	8.979	14.58	20.939	14.727	26.458	8.222	10.985	122.383	3.158	5.741	32.979	2.41	32.53	0.001	7.425	2.214	0.001	10.77	3.347	4.468	155.99	55.125	7.868	4.614	1.881	48.05	21.27	13.221	2.358	6.912	25.063	12.541	10.017	49.999	24.416	13.939	30.373	8.153	8.29	53.475	33.641	38.114	2.103	6.669	176.21	70.21	7.022	11.004	7.473	4.025	50.333	3.546	23.998	0.001	16.408	355.723	18.363	66.682	3.209	14.097	126.028	7.215	0.089	5.861	104.91	56.197	8.398	15.76	0.001	44.849	2021-08-30 18:32:44	c_target_real_30-08-2021 18-32-44_11643_13558.csv	18 days 05:43:07	437.7186111111111	26263.116666666665
98	18.949	12.916	147.137	30.807	60.166	6.587	10.879	96.464	184.147	21.819	557.579	36.312	3.174	8.652	21.442	21.842	4.44	29.54	9.202	1499.994	0.001	11.252	38.334	24.74	44.791	0.001	17.088	17.765	24.749	25.879	24.075	10.31	13.72	78.832	2.0	3.588	28.224	2.399	39.597	0.001	8.619	3.247	0.0	6.736	6.481	4.355	199.402	79.568	7.421	4.754	1.77	54.671	11.429	18.814	0.31	8.921	22.616	6.601	13.694	116.323	33.549	16.455	41.754	9.748	11.254	63.296	37.332	36.06	1.805	15.862	143.253	121.462	10.249	12.112	10.3	6.77	65.197	3.021	23.31	0.001	27.568	638.057	26.937	71.358	3.641	9.116	132.102	6.837	1.5	4.75	89.457	67.102	8.495	23.471	0.001	39.597	2021-08-30 22:49:24	c_target_real_30-08-2021 22-49-24_11643_13576.csv	18 days 09:59:47	441.9963888888889	26519.783333333333
99	16.704	19.275	261.017	36.573	53.392	9.584	18.305	85.695	122.247	29.663	555.828	35.81	3.414	10.436	23.175	16.213	9.596	29.548	6.852	1500.0	0.001	9.826	40.924	25.369	57.645	0.001	21.695	20.094	29.455	41.798	27.956	13.582	15.398	31.533	2.73	0.641	34.036	3.581	53.439	0.001	9.487	3.561	0.0	7.141	1.964	4.552	177.765	91.804	9.889	3.407	1.714	23.511	5.247	33.716	1.5	10.532	22.561	5.98	16.082	262.831	49.188	20.202	50.189	9.319	13.011	61.605	48.629	34.092	0.207	33.777	108.926	169.637	15.147	11.072	12.062	6.171	91.051	3.521	26.765	0.001	48.299	1010.035	49.002	75.218	4.627	10.259	126.032	6.019	0.165	5.442	118.785	79.713	8.592	31.415	0.001	29.373	2021-08-31 03:05:36	c_target_real_31-08-2021 03-05-36_11643_13594.csv	18 days 14:15:59	446.2663888888889	26775.983333333334
100	14.866	19.042	390.588	18.684	54.269	11.014	32.009	106.989	235.31	32.516	430.029	34.284	2.771	5.297	22.339	6.757	7.684	26.718	5.218	1500.0	0.001	10.229	30.499	22.743	99.661	0.001	13.173	14.052	19.378	30.814	28.995	12.421	15.589	23.929	3.238	1.5	29.254	4.597	50.19	0.001	8.24	3.263	0.0	6.399	0.198	3.527	133.653	84.917	10.441	3.493	1.758	14.249	5.451	31.644	3.812	8.456	20.39	6.896	16.14	394.948	83.89	17.812	42.489	6.14	9.488	81.028	51.16	24.188	1.5	41.423	106.08	153.656	17.047	9.455	9.565	1.259	108.208	4.604	19.406	0.001	67.848	1356.834	150.596	80.969	5.226	12.474	110.121	4.672	1.5	7.755	119.593	65.389	7.883	34.194	0.001	28.6	2021-08-31 07:20:55	c_target_real_31-08-2021 07-20-55_11643_13612.csv	18 days 18:31:18	450.52166666666665	27031.3
101	13.831	23.504	369.306	6.47	59.372	10.319	31.866	124.76	493.305	25.191	292.678	31.725	2.396	1.432	27.556	6.724	7.71	34.509	6.272	1500.0	0.001	6.697	23.005	19.024	115.437	0.001	3.874	10.946	16.475	12.43	32.054	7.368	8.238	25.466	5.027	2.153	28.109	7.666	64.44	0.001	6.876	3.275	0.0	6.227	1.5	4.373	101.01	61.004	11.227	3.614	2.083	10.813	9.987	21.079	9.668	5.515	20.81	8.082	6.638	220.689	77.155	19.998	23.568	5.67	9.279	126.018	79.982	26.514	1.821	23.975	136.73	79.525	12.545	7.103	3.085	0.146	88.794	5.81	19.939	0.001	32.771	1142.608	180.061	85.764	4.948	14.368	100.773	3.918	0.163	10.978	111.723	48.92	8.284	32.572	0.001	34.394	2021-08-31 11:36:29	c_target_real_31-08-2021 11-36-29_11643_13630.csv	18 days 22:46:52	454.7811111111111	27286.866666666665
102	13.155	21.281	191.01	4.591	48.505	7.62	19.93	112.433	869.204	24.579	240.313	28.125	2.258	2.03	24.433	6.967	9.534	29.345	5.278	1500.0	0.001	4.176	18.196	15.586	86.981	0.001	2.881	11.266	18.768	10.157	36.112	3.326	5.621	35.981	9.66	3.447	29.172	6.69	48.121	0.001	7.072	2.416	0.0	7.529	2.228	4.766	116.226	50.944	7.868	2.638	2.197	12.968	15.868	13.29	8.578	4.198	16.658	13.55	1.412	123.923	22.044	15.34	17.292	6.029	7.781	103.624	97.068	20.545	1.973	9.089	139.985	60.964	7.54	6.816	2.085	1.5	115.922	3.447	16.938	0.001	15.605	543.185	100.034	73.224	3.904	14.777	131.129	3.885	1.5	12.435	113.859	42.037	8.511	34.074	0.001	32.846	2021-08-31 15:51:40	c_target_real_31-08-2021 15-51-40_11643_13649.csv	19 days 03:02:03	459.0341666666667	27542.05
103	13.876	22.276	151.968	6.753	42.453	7.621	14.741	94.466	733.415	14.975	201.7	30.492	2.01	2.009	22.748	9.426	12.454	44.241	5.558	1500.0	0.001	3.064	15.998	14.867	67.943	0.001	4.828	9.397	29.629	8.535	40.123	2.878	4.258	46.863	16.109	6.041	18.787	3.144	51.87	0.001	7.4	0.111	0.0	10.413	0.117	4.479	141.888	71.206	5.172	1.982	0.083	16.524	14.804	24.175	6.389	5.48	11.859	17.843	0.069	105.788	5.249	12.152	24.176	5.694	7.177	69.083	65.979	14.837	1.971	5.564	162.674	67.935	5.992	6.006	2.077	2.919	115.315	2.233	15.276	0.001	12.312	340.398	70.024	65.118	2.831	14.459	139.404	3.387	0.144	10.508	78.747	27.828	6.864	49.984	0.001	28.533	2021-08-31 20:38:46	c_target_real_31-08-2021 20-38-46_11643_13676.csv	19 days 07:49:09	463.81916666666666	27829.15
104	17.828	25.246	155.028	6.67	45.182	11.633	22.746	85.722	521.898	18.235	262.274	40.038	2.157	2.539	26.168	13.712	10.421	26.327	5.202	1500.0	0.001	3.692	18.781	17.014	73.108	0.001	8.554	12.313	36.927	15.069	38.853	3.607	5.764	71.75	15.824	5.354	18.195	3.973	46.882	0.001	9.509	1.5	0.0	12.557	1.5	4.771	150.62	76.061	4.97	1.661	1.5	25.053	20.267	34.167	4.503	6.129	12.38	20.016	1.5	127.344	4.444	13.602	29.433	6.42	9.694	36.359	41.1	17.69	0.173	6.03	204.998	101.008	5.804	7.895	2.458	4.378	148.091	2.459	18.07	0.001	15.252	393.979	49.017	63.044	3.702	10.783	137.703	3.983	1.5	8.962	87.877	31.17	8.18	53.523	0.001	34.826	2021-09-01 00:53:23	c_target_real_01-09-2021 00-53-23_11643_13694.csv	19 days 12:03:46	468.0627777777778	28083.766666666666
105	12.999	19.322	138.707	11.746	38.833	12.201	41.254	93.051	552.887	26.001	688.455	105.697	1.668	2.316	18.56	24.549	5.214	35.387	3.999	1500.0	0.001	6.61	19.745	17.897	102.422	0.001	14.616	13.411	28.717	14.37	26.889	3.127	5.578	96.959	16.637	2.968	24.227	5.14	40.517	0.001	9.211	0.072	0.0	13.382	2.92	5.015	148.492	78.093	4.607	1.843	0.062	20.962	17.23	36.968	3.369	7.312	16.219	31.093	0.071	136.411	4.334	13.489	33.697	4.858	9.572	24.463	34.815	18.247	1.5	9.181	166.276	105.967	5.699	8.672	2.454	4.67	148.739	3.24	19.422	0.001	18.301	682.698	34.312	50.841	3.537	10.116	102.105	3.752	0.147	7.498	113.979	34.752	10.533	93.664	0.001	34.392	2021-09-01 05:07:56	c_target_real_01-09-2021 05-07-56_11643_13712.csv	19 days 16:18:19	472.3052777777778	28338.316666666666
106	13.433	25.92	163.168	20.526	49.397	10.948	42.759	112.081	546.21	26.901	1022.585	106.425	1.64	2.786	21.335	20.385	3.982	54.673	3.641	1500.0	0.001	11.053	29.164	17.153	115.339	0.001	15.952	12.572	22.46	22.057	27.365	5.306	4.911	108.641	12.717	2.156	32.97	7.082	61.071	0.001	8.88	1.5	0.0	10.434	2.403	5.964	143.797	70.059	4.708	3.057	1.5	18.332	22.95	36.426	5.549	8.925	20.911	42.981	1.5	176.058	6.08	19.553	25.891	5.329	9.049	41.462	39.446	28.388	1.746	13.739	131.895	107.124	7.21	9.146	2.629	3.694	141.773	5.21	23.772	0.001	27.307	1237.421	30.332	48.738	3.963	10.571	102.162	3.669	1.5	8.446	169.66	40.511	11.201	151.276	0.001	40.139	2021-09-01 09:21:35	c_target_real_01-09-2021 09-21-35_11643_13730.csv	19 days 20:31:58	476.53277777777777	28591.966666666667
107	27.239	22.882	227.116	40.788	52.101	11.454	49.503	117.542	651.194	28.43	642.972	55.544	3.22	3.458	18.478	25.939	2.776	105.802	3.022	1500.0	0.001	18.255	28.134	17.123	143.68	0.001	13.13	11.407	15.127	31.416	25.393	10.179	4.967	75.612	8.118	2.831	43.454	10.052	82.156	0.001	8.884	2.326	0.0	6.763	1.896	6.914	150.172	60.904	4.286	3.687	2.592	21.761	28.642	24.336	7.675	7.841	20.409	28.132	2.267	235.656	6.911	23.1	23.976	6.699	10.692	39.823	30.655	34.372	1.845	23.599	134.107	104.2	7.715	10.387	2.894	2.273	147.2	6.188	17.719	0.001	28.847	1488.633	43.678	49.409	4.795	10.894	94.869	4.144	0.079	9.73	159.976	50.501	13.091	175.629	0.001	49.996	2021-09-01 15:03:33	c_target_real_01-09-2021 15-03-33_11643_13749.csv	20 days 02:13:56	482.2322222222222	28933.933333333334
108	38.161	30.391	285.346	41.004	55.918	10.594	37.348	108.556	844.455	23.403	238.138	29.602	5.559	2.954	15.08	34.91	2.702	132.536	3.447	1500.0	0.001	20.877	37.568	18.005	141.543	0.001	8.453	12.811	21.249	36.716	26.518	9.698	7.696	57.712	6.238	3.397	37.847	14.758	92.623	0.001	7.293	3.126	0.0	6.314	1.892	6.128	149.334	63.057	4.146	3.517	2.705	20.367	25.004	17.097	10.085	9.066	15.757	12.787	3.261	242.877	7.265	27.071	17.74	6.613	8.821	44.586	45.345	36.974	0.162	35.538	169.409	101.704	8.504	11.45	3.35	2.257	142.112	7.262	16.595	0.001	24.78	1339.334	36.862	58.865	5.343	7.49	78.148	4.655	1.5	11.385	130.341	42.629	13.271	72.544	0.001	42.48	2021-09-01 19:16:14	c_target_real_01-09-2021 19-16-14_11643_13768.csv	20 days 06:26:37	486.4436111111111	29186.616666666665
109	27.015	24.311	308.374	15.277	70.618	10.93	26.09	85.881	941.398	26.769	153.995	22.789	4.792	3.728	16.116	34.524	2.655	104.366	3.847	1500.0	0.001	17.278	35.746	17.676	169.477	0.001	5.981	13.229	23.424	35.837	30.346	10.197	14.45	69.374	5.962	3.478	36.748	13.341	78.936	0.001	5.751	4.242	0.0	6.835	1.793	8.899	158.952	73.809	5.189	4.038	3.224	21.752	22.59	19.94	10.294	9.073	16.387	7.085	4.421	241.053	11.527	44.78	20.129	6.979	9.427	68.023	64.431	34.66	1.5	49.721	192.034	109.582	10.442	14.565	4.285	2.622	166.436	7.458	19.134	0.001	35.258	669.667	67.661	67.809	7.201	8.503	97.499	5.072	0.116	13.157	162.945	57.185	12.7	50.781	0.001	38.817	2021-09-01 23:27:34	c_target_real_01-09-2021 23-27-34_11643_13794.csv	20 days 10:37:57	490.6325	29437.95
110	18.376	24.913	367.604	6.928	108.172	10.287	23.822	44.655	1045.882	33.521	183.084	24.221	4.464	5.201	12.245	34.459	4.673	78.843	3.656	1500.0	0.001	15.812	33.109	16.854	150.519	0.001	7.092	15.523	33.641	30.723	37.759	8.43	18.653	151.197	6.838	3.711	45.263	14.543	176.803	0.001	3.579	5.684	0.0	7.796	1.806	14.076	182.411	106.987	5.258	4.218	4.318	19.854	19.079	33.866	6.186	8.027	17.688	6.795	5.505	215.867	15.103	72.899	25.105	5.2	7.851	111.52	60.098	30.496	0.114	52.463	233.017	122.016	9.813	12.201	4.886	2.849	197.328	5.336	23.564	0.001	40.599	196.961	130.107	93.547	7.995	10.83	123.646	4.994	1.5	14.738	206.808	56.219	10.622	31.507	0.001	34.489	2021-09-02 03:41:15	c_target_real_02-09-2021 03-41-15_11643_13812.csv	20 days 14:51:38	494.86055555555555	29691.633333333335
111	15.577	24.873	388.94	7.052	92.193	8.369	39.057	41.245	1137.53	43.053	306.558	27.942	6.13	7.729	19.259	47.151	7.949	91.987	5.122	1500.0	0.001	12.458	31.641	24.404	167.353	0.001	9.083	15.678	31.74	27.13	46.624	6.28	22.117	199.882	10.034	3.841	49.686	22.149	132.3	0.001	4.589	7.079	0.0	7.967	1.598	18.627	263.12	159.353	5.91	4.353	4.348	18.381	17.701	38.52	5.09	11.082	20.539	7.358	7.493	215.506	22.066	118.153	25.321	4.762	7.945	180.701	69.131	28.374	1.5	57.234	294.504	142.056	10.994	10.588	5.794	3.84	221.536	4.131	25.44	0.001	50.655	225.271	202.051	124.231	7.501	12.551	114.592	4.928	0.117	15.07	228.475	57.409	9.199	49.983	0.001	37.179	2021-09-02 07:55:08	c_target_real_02-09-2021 07-55-08_11643_13830.csv	20 days 19:05:31	499.09194444444444	29945.516666666666
112	26.494	33.816	483.473	12.559	75.071	10.465	50.283	37.202	1172.799	38.898	567.193	26.971	9.361	11.643	20.13	61.417	11.254	112.052	8.974	1500.0	0.001	16.978	42.022	32.831	245.192	0.001	12.502	14.06	53.214	28.105	37.013	5.261	20.175	206.447	19.507	3.883	70.922	30.907	93.711	0.001	9.457	7.912	0.0	10.214	1.862	17.402	351.389	168.267	8.313	5.132	5.681	28.967	27.013	51.063	4.421	13.872	21.711	7.546	7.269	197.817	21.799	158.88	36.453	4.337	11.815	252.399	91.434	31.635	1.605	72.838	359.157	146.701	9.498	9.194	5.885	5.048	192.032	3.502	22.434	0.001	62.163	454.365	179.303	101.464	7.115	13.465	105.993	5.298	1.5	13.201	170.345	47.899	9.503	103.21	0.001	39.787	2021-09-02 12:14:21	c_target_real_02-09-2021 12-14-21_11643_13848.csv	20 days 23:24:44	503.4122222222222	30204.733333333334
113	32.477	30.9	356.328	34.373	80.204	10.701	62.467	41.919	1089.663	29.041	902.762	41.431	6.706	8.601	23.276	73.872	10.479	150.144	9.911	1500.0	0.001	20.638	45.924	35.707	297.878	0.001	13.759	18.34	89.704	20.674	23.327	5.844	12.101	65.685	31.418	4.644	129.761	22.287	89.561	0.001	10.352	5.73	0.0	11.371	2.354	26.527	451.645	131.074	10.762	5.56	5.892	34.768	37.731	64.237	5.082	10.948	22.329	12.411	11.129	237.412	28.78	141.217	42.484	6.105	13.835	240.723	177.618	35.014	2.05	98.966	499.944	143.785	11.548	11.195	7.32	4.707	193.717	4.65	26.33	0.001	83.94	989.032	88.811	70.683	7.828	15.252	134.866	6.225	0.079	10.931	142.981	51.071	11.766	199.435	0.001	59.952	2021-09-02 17:34:03	c_target_real_02-09-2021 17-34-03_11643_13867.csv	21 days 04:44:26	508.74055555555555	30524.433333333334
114	32.601	11.783	122.811	35.718	117.536	10.334	58.543	54.707	878.868	25.277	647.227	44.341	4.036	6.844	27.262	39.092	10.273	162.242	8.263	1500.0	0.001	21.742	40.427	22.354	212.836	0.001	11.342	21.953	103.85	24.912	21.338	5.104	9.836	21.895	24.647	4.023	133.235	8.492	96.638	0.001	11.693	3.506	0.0	8.367	1.699	24.064	320.422	62.832	11.231	3.783	3.336	31.845	36.079	71.778	5.701	10.044	19.614	16.163	14.657	229.845	24.247	44.427	30.952	5.14	12.754	183.175	172.425	35.414	0.151	83.798	480.697	101.31	11.789	11.384	6.353	2.704	142.431	6.251	30.482	0.001	81.595	1469.943	41.595	47.775	5.869	11.82	126.367	5.52	1.5	8.789	144.516	45.964	14.129	157.359	0.001	66.199	2021-09-02 21:45:47	c_target_real_02-09-2021 21-45-47_11643_13886.csv	21 days 08:56:10	512.9361111111111	30776.166666666668
115	36.535	9.498	100.438	36.601	100.542	11.968	38.064	46.304	987.542	31.066	586.576	49.941	4.319	5.812	32.232	13.031	14.239	137.812	8.12	1500.0	0.001	22.228	31.489	17.711	208.576	0.001	8.579	26.798	57.629	39.596	24.248	4.613	11.623	22.626	15.692	3.5	53.922	4.992	84.329	0.001	12.732	3.832	0.0	6.288	1.8	29.177	159.834	52.35	8.765	3.428	2.77	31.748	29.233	65.709	7.976	12.194	21.733	21.31	17.137	246.757	27.29	32.954	25.025	6.302	11.101	150.413	95.456	30.217	1.5	32.389	584.663	106.017	12.67	14.607	6.239	3.105	131.637	7.424	27.244	0.001	73.919	1497.79	36.517	31.598	6.253	12.342	119.364	6.041	0.11	8.447	159.698	52.698	15.353	81.637	0.001	73.967	2021-09-03 01:58:57	c_target_real_03-09-2021 01-58-57_11643_13912.csv	21 days 13:09:20	517.1555555555556	31029.333333333332
116	34.495	9.055	158.921	36.07	70.217	13.672	29.838	71.986	1130.926	35.889	498.262	70.486	3.886	4.199	37.638	10.812	23.041	134.86	8.468	1500.0	0.001	21.647	30.614	16.598	231.02	0.001	10.922	30.872	40.34	50.196	31.744	7.743	16.468	55.304	6.208	3.372	18.594	3.257	69.817	0.001	19.975	5.303	0.0	7.672	1.836	32.868	114.394	65.125	10.809	4.808	2.412	30.586	31.594	44.223	10.255	13.616	21.856	31.08	17.499	247.707	39.215	32.316	32.202	8.865	8.798	150.178	51.154	34.196	0.114	19.31	663.668	114.002	15.934	15.452	8.722	2.646	162.51	10.436	32.351	0.001	53.513	1070.063	54.333	30.561	5.495	14.579	118.782	5.638	1.5	8.23	140.479	69.472	14.469	28.151	0.001	76.933	2021-09-03 06:11:30	c_target_real_03-09-2021 06-11-30_11643_13930.csv	21 days 17:21:53	521.3647222222222	31281.883333333335
117	28.793	8.962	274.507	30.631	50.157	9.683	24.879	74.34	1478.666	27.203	560.869	60.884	3.703	4.616	31.346	10.073	22.041	168.409	8.898	1500.0	0.001	20.619	25.897	18.397	320.733	0.001	15.59	29.252	26.893	43.031	27.81	8.336	25.525	82.127	3.142	4.088	15.996	2.76	122.629	0.001	30.179	6.353	0.0	9.501	2.333	28.987	312.404	115.134	10.942	4.115	2.442	30.138	29.082	32.975	13.229	16.56	24.144	40.018	12.686	242.043	38.38	33.811	39.452	11.211	10.982	141.551	77.072	39.141	1.5	16.508	791.657	151.658	17.987	11.674	7.98	2.15	143.952	9.744	32.164	0.001	65.335	368.987	113.752	36.089	6.511	16.481	138.296	5.307	0.108	7.796	120.31	84.803	13.73	32.881	0.001	82.219	2021-09-03 10:24:28	c_target_real_03-09-2021 10-24-28_11643_13948.csv	21 days 21:34:51	525.5808333333333	31534.85
118	20.768	9.54	481.51	20.439	53.656	7.939	18.931	100.14	1200.707	26.726	542.503	40.505	5.2	5.424	24.025	9.13	11.537	168.003	8.541	1500.0	0.001	20.996	24.936	19.414	251.709	0.001	15.379	21.318	27.324	25.534	33.684	5.682	20.775	148.547	2.136	4.232	16.972	3.11	93.534	0.001	40.274	7.179	0.0	11.815	1.796	28.874	601.644	161.929	11.884	2.727	2.505	18.426	21.409	19.571	9.987	14.649	23.662	38.504	6.836	246.315	55.917	41.648	26.62	7.466	13.078	206.565	146.348	30.896	1.5	22.86	753.662	177.975	13.178	7.818	6.118	2.722	195.55	5.429	30.208	0.001	117.583	300.703	142.336	50.38	5.439	17.542	97.838	4.675	1.5	9.501	135.922	77.23	10.318	57.752	0.001	79.685	2021-09-03 15:56:09	c_target_real_03-09-2021 15-56-09_11643_13967.csv	22 days 03:06:32	531.1088888888889	31866.533333333333
119	17.906	9.457	548.763	30.572	89.778	9.741	18.749	94.159	1125.547	34.542	542.578	41.832	6.805	5.263	24.517	16.153	12.515	153.318	9.1	1500.0	0.001	16.432	28.342	24.764	331.961	0.001	13.709	22.428	30.489	22.633	40.39	6.778	16.645	191.406	3.465	4.373	37.664	4.439	91.754	0.001	38.513	6.411	0.0	11.661	1.643	24.22	563.515	196.394	10.054	2.9	2.605	19.567	24.733	27.731	5.617	15.255	20.443	27.055	7.171	253.275	93.259	56.438	26.069	6.746	12.828	219.927	224.558	30.268	0.106	41.688	724.005	194.304	12.116	9.666	8.172	3.532	205.274	2.48	36.673	0.001	142.058	562.041	212.474	81.281	6.829	13.064	94.97	5.893	0.102	12.629	196.352	93.706	10.388	112.264	0.001	78.815	2021-09-03 20:10:19	c_target_real_03-09-2021 20-10-19_11643_13985.csv	22 days 07:20:42	535.345	32120.7
120	19.174	9.585	479.319	35.272	147.028	10.465	19.678	104.537	1339.013	44.127	577.657	46.121	9.766	7.474	36.728	18.004	21.219	145.242	7.56	1500.0	0.001	13.552	31.925	27.914	407.974	0.001	16.952	22.62	29.945	28.02	48.391	6.563	15.692	165.297	5.178	4.4	71.904	4.512	133.28	0.001	24.446	8.234	0.0	9.943	1.951	24.567	278.038	205.377	13.674	3.096	2.225	30.674	24.59	43.779	4.341	17.077	21.34	19.761	8.586	274.681	92.068	89.757	27.816	6.481	10.016	239.567	240.571	29.192	1.5	68.284	719.001	155.808	12.839	10.986	11.054	3.925	236.698	2.244	40.566	0.001	71.374	962.41	185.987	136.461	7.439	14.667	103.075	7.097	1.5	16.986	235.504	104.764	13.397	167.783	0.001	77.805	2021-09-04 00:28:35	c_target_real_04-09-2021 00-28-35_11643_14004.csv	22 days 11:38:58	539.6494444444445	32378.966666666667
121	33.437	9.147	399.309	63.346	176.318	13.738	38.343	125.888	1490.586	39.089	533.205	54.836	10.894	8.651	53.63	32.268	28.855	151.66	5.391	1500.0	0.001	16.208	32.047	28.206	420.914	0.001	19.341	20.719	54.158	39.509	51.216	10.319	16.912	72.957	6.552	4.138	108.248	6.886	186.34	0.001	15.748	10.817	0.0	7.728	2.345	23.545	185.359	187.426	16.633	2.708	2.968	42.187	25.104	62.591	4.424	15.015	23.747	16.966	10.23	247.164	59.442	115.61	28.184	6.287	8.437	247.645	249.549	31.584	1.591	114.648	705.039	106.644	11.93	11.842	13.451	3.575	249.959	2.025	42.675	0.001	49.962	1470.299	70.246	181.934	6.755	17.929	112.01	7.756	0.098	21.527	212.642	108.443	16.764	226.767	0.001	76.418	2021-09-04 04:43:28	c_target_real_04-09-2021 04-43-28_11643_14030.csv	22 days 15:53:51	543.8975	32633.85
122	46.835	8.802	502.181	85.541	71.776	14.106	57.312	110.578	1499.364	34.764	499.433	87.208	7.771	10.195	46.43	46.654	32.202	158.982	4.47	1500.0	0.001	19.579	50.003	37.664	389.085	0.001	15.573	19.162	71.162	50.549	46.594	15.58	17.221	44.805	11.749	4.245	90.007	9.908	145.941	0.001	15.159	11.525	0.0	8.549	1.876	18.845	128.392	163.965	16.764	2.93	3.715	37.253	34.207	80.255	5.071	15.544	26.925	19.45	11.162	205.847	43.315	141.695	38.07	8.032	8.02	259.605	330.601	37.675	1.603	134.221	754.158	78.972	10.861	11.725	14.356	4.33	242.995	3.345	46.786	0.001	25.859	1498.059	32.827	291.2	6.712	19.964	111.773	7.198	1.5	21.276	192.846	116.062	20.183	182.49	0.001	68.995	2021-09-04 08:58:44	c_target_real_04-09-2021 08-58-44_11643_14048.csv	22 days 20:09:07	548.1519444444444	32889.11666666667
123	40.469	9.794	407.601	48.703	47.851	13.35	69.457	127.184	1499.954	31.992	585.523	137.127	6.865	13.41	41.32	41.193	24.808	201.209	5.021	1500.0	0.001	27.055	69.526	38.337	474.689	0.001	15.85	24.667	95.443	49.243	45.949	11.143	12.874	54.079	18.184	6.529	42.843	10.234	187.655	0.001	21.195	11.164	0.0	9.229	2.043	18.864	230.462	186.38	12.987	4.753	4.063	34.789	53.268	88.31	4.195	16.683	29.66	25.096	16.831	210.148	34.1	102.303	32.959	9.209	7.347	228.126	336.174	35.514	0.134	164.128	976.488	115.305	10.525	13.357	18.791	4.141	197.648	6.082	43.768	0.001	26.247	1359.08	33.616	203.84	6.522	20.483	166.846	5.695	0.096	21.154	189.106	104.14	31.829	128.602	0.001	69.498	2021-09-04 13:17:27	c_target_real_04-09-2021 13-17-27_11643_14066.csv	23 days 00:27:50	552.4638888888888	33147.833333333336
124	18.475	10.524	281.893	15.337	30.2	9.415	42.595	90.742	1499.997	29.496	547.539	102.278	6.422	8.494	24.634	21.42	11.963	207.322	5.754	1500.0	0.001	24.55	90.479	29.433	478.53	0.001	10.673	33.535	68.805	45.793	44.111	8.514	11.307	63.709	16.526	7.565	29.248	8.871	176.474	0.001	21.907	10.805	0.0	7.815	2.262	12.639	424.643	166.368	10.345	4.107	3.07	37.455	68.13	60.072	4.122	13.9	26.609	27.595	14.815	248.859	22.361	72.522	40.294	10.74	7.397	208.185	296.359	34.517	1.5	223.305	1111.774	118.847	11.326	13.59	18.316	3.98	164.644	10.927	45.969	0.001	26.571	926.203	38.007	142.688	4.804	20.499	136.285	4.447	1.5	22.61	242.152	87.472	39.761	100.034	0.001	57.649	2021-09-04 18:13:19	c_target_real_04-09-2021 18-13-19_11643_14085.csv	23 days 05:23:42	557.395	33443.7
125	18.542	10.759	241.92	6.649	26.901	8.18	24.885	94.014	1500.0	29.973	723.013	63.444	9.32	5.61	29.966	24.637	10.482	197.226	6.529	1500.0	0.001	21.133	82.054	27.293	507.351	0.001	12.592	41.505	26.632	43.734	42.931	8.541	14.554	78.522	21.889	6.471	40.205	13.186	208.254	0.001	20.607	12.221	0.0	6.021	2.775	15.066	577.895	178.891	10.173	3.878	2.577	35.219	54.358	42.417	6.552	15.74	23.892	35.909	20.175	253.276	19.162	65.899	34.746	13.153	6.587	201.356	324.502	30.082	0.096	380.762	900.13	170.39	10.546	15.512	18.175	3.422	174.822	10.667	51.364	0.001	36.275	930.027	40.643	99.882	4.738	19.435	137.768	4.51	1.653	30.97	327.836	112.315	49.78	121.851	0.001	60.475	2021-09-04 22:31:26	c_target_real_04-09-2021 22-31-26_11643_14104.csv	23 days 09:41:49	561.6969444444444	33701.816666666666
126	35.571	11.019	347.097	6.924	27.17	9.022	20.513	115.584	1500.0	30.169	793.35	51.467	11.287	4.469	28.098	22.006	13.186	192.443	7.673	1500.0	0.001	19.763	47.279	24.467	440.684	0.001	16.67	47.275	16.568	38.738	45.709	7.594	19.476	90.52	29.423	4.482	50.159	19.817	279.797	0.001	25.588	15.206	0.0	8.123	3.371	19.05	433.585	177.754	11.246	3.618	2.229	36.716	31.975	38.085	9.307	16.383	22.534	43.16	22.122	236.306	20.33	88.683	42.742	15.441	9.373	244.427	419.2	38.512	1.5	622.667	488.173	203.471	14.795	13.905	18.562	3.0	214.254	7.309	53.448	0.001	47.532	1072.834	52.154	69.917	4.885	20.883	163.268	5.747	1.65	39.258	355.038	121.102	60.158	154.704	0.001	79.478	2021-09-05 02:43:35	c_target_real_05-09-2021 02-43-35_11643_14122.csv	23 days 13:53:58	565.8994444444445	33953.96666666667
127	40.837	13.775	649.778	7.403	29.226	9.907	22.074	136.833	1500.0	29.05	766.481	75.555	9.127	3.922	25.847	23.075	9.459	189.363	9.383	1500.0	0.001	19.822	33.577	24.469	342.589	0.001	17.229	52.005	19.678	38.398	57.356	9.389	16.209	132.996	26.3	3.481	92.278	24.2	331.2	0.001	24.017	14.357	0.0	7.613	2.994	21.032	295.963	205.929	18.889	3.702	2.645	38.656	22.383	41.358	11.266	16.023	22.017	38.812	19.08	209.122	29.864	121.509	42.241	14.77	12.212	222.977	410.151	39.668	0.103	1026.928	304.944	181.132	15.326	14.64	19.264	3.717	209.034	4.012	50.479	0.001	99.025	1476.91	79.591	48.942	6.409	26.842	201.909	7.213	0.121	60.083	345.061	126.358	68.575	217.206	0.001	101.594	2021-09-05 06:59:54	c_target_real_05-09-2021 06-59-54_11643_14148.csv	23 days 18:10:17	570.1713888888889	34210.28333333333
128	45.401	13.589	1006.299	7.077	37.547	14.214	27.728	150.883	1500.0	32.985	801.646	123.026	7.391	4.378	36.443	38.007	9.778	231.235	10.142	1500.0	0.001	21.642	29.277	24.22	334.921	0.001	21.239	29.105	25.839	46.514	62.481	12.86	14.413	222.998	17.62	4.173	157.527	24.766	340.762	0.001	34.384	16.885	0.0	8.146	2.798	21.226	263.393	309.768	23.475	4.676	2.451	46.862	9.005	76.361	14.844	14.455	20.525	33.767	18.489	245.573	35.468	126.611	35.781	14.228	17.745	246.056	320.239	49.935	1.5	808.072	289.688	116.219	16.713	12.388	18.632	4.295	204.382	2.564	60.806	0.001	168.129	1498.566	107.397	55.677	5.633	31.105	199.95	6.6	1.5	88.993	287.128	116.792	73.692	234.236	0.001	108.968	2021-09-05 11:15:47	c_target_real_05-09-2021 11-15-47_11643_14166.csv	23 days 22:26:10	574.4361111111111	34466.166666666664
